1,0000,0.2173,0.2488,0.3645,0.9875,12,0.5413
1,0000,0.2173,0.2488,0.3645,0.9875,80,0.439
1,0001,0.2114,0.2651,0.3585,0.9889,12,0.4189
1,0001,0.2114,0.2651,0.3585,0.9889,80,0.4107
1,0005,0.5347,0.325,0.6582,0.871,17,0.4355
1,0006,0.5387,0.3243,0.662,0.8725,17,0.4289
1,0006,0.2269,0.2569,0.3788,0.9718,17,0.4241
1,0007,0.3681,0.2661,0.5327,0.9406,17,0.4041
1,0010,0.2246,0.2485,0.4002,0.9485,17,0.4172
1,0014,0.2196,0.2826,0.4034,0.9374,17,0.4565
1,0014,0.5652,0.3329,0.7107,0.9202,17,0.4254
1,0015,0.2243,0.2905,0.395,0.915,17,0.4492
1,0015,0.5674,0.3345,0.7277,0.9191,17,0.4303
1,0015,0.4122,0.2915,0.6025,0.9386,17,0.4025
1,0026,0.5664,0.3641,0.7111,0.9355,17,0.4062
1,0027,0.2623,0.3454,0.3887,0.8805,17,0.4289
1,0027,0.5709,0.3654,0.7085,0.9315,17,0.4143
1,0028,0.2448,0.3341,0.3889,0.902,17,0.4342
1,0028,0.5707,0.3555,0.7126,0.9306,17,0.4272
1,0030,0.5729,0.3558,0.7171,0.925,17,0.445
1,0030,0.5729,0.3558,0.7171,0.925,64,0.4011
1,0030,0.4276,0.3011,0.6091,0.9131,64,0.4311
1,0031,0.2507,0.3433,0.3966,0.8879,17,0.6399
1,0031,0.5633,0.3576,0.7167,0.9367,17,0.6218
1,0031,0.4302,0.2996,0.5937,0.9127,17,0.5684
1,0031,0.005805,0.4173,0.2344,0.9282,17,0.5555
1,0032,0.2574,0.3367,0.3982,0.8732,17,0.4364
1,0032,0.5702,0.3595,0.7172,0.9307,17,0.4171
1,0033,0.5671,0.354,0.7167,0.9388,17,0.5523
1,0033,0.262,0.3282,0.4108,0.9039,17,0.4464
1,0034,0.5681,0.3536,0.7213,0.9421,17,0.4525
1,0035,0.2685,0.3343,0.4147,0.904,17,0.4921
1,0035,0.5697,0.3554,0.7192,0.936,17,0.4893
1,0035,0.4082,0.3011,0.6037,0.9111,17,0.4303
1,0036,0.2567,0.3355,0.4122,0.902,17,0.7057
1,0036,0.5674,0.3544,0.719,0.936,17,0.6873
1,0036,0.4245,0.2804,0.5906,0.9092,17,0.5993
1,0036,0.3867,0.3449,0.4711,0.8012,17,0.4341
1,0037,0.5679,0.3521,0.7215,0.9267,17,0.6362
1,0037,0.4318,0.2824,0.6024,0.92,17,0.5947
1,0038,0.5675,0.3534,0.7261,0.9352,17,0.6495
1,0038,0.4293,0.2701,0.602,0.9272,17,0.542
1,0039,0.5685,0.3523,0.7195,0.913,17,0.6181
1,0039,0.4372,0.2667,0.5934,0.9164,17,0.5389
1,0040,0.4368,0.2826,0.6196,0.9254,64,0.4219
1,0040,0.2459,0.3294,0.4255,0.8998,17,0.401
1,0041,0.2739,0.327,0.4198,0.902,17,0.6751
1,0041,0.5803,0.3538,0.7098,0.8517,17,0.6166
1,0041,0.4302,0.2757,0.5794,0.914,17,0.5909
1,0041,0.4351,0.2868,0.6196,0.9241,64,0.4244
1,0041,0.02182,0.3231,0.2005,0.8913,17,0.4147
1,0041,0.2376,0.33,0.4288,0.8965,64,0.4036
1,0043,0.5652,0.3424,0.7215,0.8601,17,0.5733
1,0043,0.5652,0.3424,0.7215,0.8601,64,0.4421
1,0043,0.4337,0.262,0.5882,0.918,17,0.4863
1,0043,0.245,0.3176,0.4365,0.8947,17,0.4267
1,0043,0.7497,0.3811,0.933,0.8831,17,0.4151
1,0044,0.573,0.3378,0.7182,0.8022,17,0.4655
1,0044,0.4368,0.2464,0.5777,0.9089,17,0.4495
1,0045,0.5841,0.3426,0.7111,0.7575,17,0.4098
1,0045,0.4051,0.2778,0.58,0.9144,17,0.4059
1,0046,0.5707,0.3151,0.7103,0.8081,17,0.5261
1,0046,0.4292,0.2507,0.6108,0.9254,17,0.5152
1,0046,0.0127,0.3174,0.195,0.9285,17,0.4438
1,0048,0.4271,0.2577,0.6031,0.9315,64,0.4566
1,0049,0.4418,0.2219,0.6263,0.9393,64,0.4613
1,0049,0.5624,0.2892,0.7103,0.8306,64,0.4341
1,0050,0.4331,0.2256,0.6543,0.938,64,0.501
1,0050,0.2794,0.2805,0.418,0.9153,17,0.4576
1,0050,0.2794,0.2805,0.418,0.9153,64,0.4406
1,0051,0.2774,0.2611,0.413,0.9151,17,0.506
1,0051,0.2774,0.2611,0.413,0.9151,64,0.4586
1,0051,0.004588,0.2942,0.2079,0.9562,17,0.4535
1,0051,0.004588,0.2942,0.2079,0.9562,64,0.4408
1,0052,0.4376,0.2147,0.6857,0.9267,4,0.4453
1,0053,0.8345,0.2828,0.9957,0.93,17,0.58
1,0053,0.003156,0.3002,0.1889,0.9521,64,0.4541
1,0053,0.438,0.229,0.7164,0.9359,64,0.4167
1,0054,0.444,0.2144,0.7071,0.9407,64,0.5113
1,0054,0.444,0.2144,0.7071,0.9407,4,0.4231
1,0055,0.4365,0.2083,0.7003,0.9695,4,0.4942
1,0055,0.4365,0.2083,0.7003,0.9695,64,0.4322
1,0056,0.4487,0.2084,0.7154,0.9588,64,0.4218
1,0057,0.4372,0.1993,0.7084,0.9667,64,0.4768
1,0057,0.4372,0.1993,0.7084,0.9667,4,0.4218
1,0058,0.4352,0.2154,0.6675,0.9717,64,0.496
1,0058,0.01702,0.2125,0.2002,0.9739,64,0.4316
1,0058,0.8107,0.2741,0.9808,0.9633,64,0.4196
1,0059,0.4546,0.1954,0.7114,0.9734,64,0.6144
1,0059,0.00922,0.1665,0.2204,0.9586,64,0.522
1,0059,0.00922,0.1665,0.2204,0.9586,9,0.4248
1,0059,0.5645,0.2986,0.7391,0.8639,64,0.475
1,0059,0.2187,0.2757,0.4573,0.9166,64,0.4652
1,0060,0.4408,0.1834,0.6392,0.9887,64,0.4719
1,0061,0.002206,0.1077,0.1975,0.9707,64,0.6218
1,0061,0.002206,0.1077,0.1975,0.9707,9,0.4711
1,0061,0.002206,0.1077,0.1975,0.9707,17,0.4527
1,0061,0.5464,0.255,0.7148,0.9113,64,0.5257
1,0061,0.2327,0.2783,0.4382,0.9256,64,0.4923
1,0061,0.4422,0.1792,0.6338,0.9761,64,0.4911
1,0062,0.5632,0.2622,0.7172,0.902,64,0.4679
1,0062,0.4394,0.1804,0.6426,0.9765,64,0.4401
1,0062,0.2331,0.2628,0.4488,0.932,64,0.4203
1,0062,0.002934,0.08727,0.1911,0.9537,64,0.4016
1,0063,0.2466,0.2552,0.4456,0.941,64,0.4779
1,0063,0.5599,0.243,0.7129,0.9163,64,0.4778
1,0063,0.8051,0.1804,0.987,0.9605,4,0.427
1,0063,0.8051,0.1804,0.987,0.9605,64,0.4176
1,0063,0.5357,0.2201,0.7216,0.9143,4,0.4239
1,0064,0.438,0.1509,0.5796,0.9899,64,0.477
1,0064,0.438,0.1509,0.5796,0.9899,4,0.4657
1,0064,0.5448,0.2012,0.7094,0.9317,64,0.4186
1,0065,0.8016,0.2059,0.9759,0.9573,4,0.5341
1,0065,0.5582,0.1719,0.7381,0.9,4,0.5022
1,0066,0.5659,0.2261,0.7059,0.9053,64,0.5168
1,0066,0.5659,0.2261,0.7059,0.9053,4,0.4242
1,0066,0.002363,0.09173,0.1803,0.9739,64,0.4344
1,0066,0.4433,0.1241,0.5962,0.9806,64,0.4313
1,0066,0.4433,0.1241,0.5962,0.9806,4,0.4298
1,0067,0.5678,0.2027,0.7022,0.9288,64,0.4859
1,0067,0.003836,0.03739,0.1885,0.9659,64,0.4086
1,0068,0.002275,0.03356,0.1935,0.9637,64,0.4006
1,0069,0.4441,0.1324,0.5776,0.9921,64,0.5193
1,0070,0.4439,0.1634,0.5738,0.9957,64,0.4316
1,0071,0.4393,0.1394,0.5969,0.9971,64,0.578
1,0071,0.5722,0.1486,0.711,0.9053,64,0.5405
1,0072,0.5681,0.1247,0.7142,0.9118,64,0.5299
1,0073,0.5682,0.1625,0.7172,0.9197,64,0.5054
1,0073,0.4267,0.2098,0.5832,0.9879,64,0.4578
1,0074,0.4299,0.1492,0.5905,0.9828,64,0.5565
1,0074,0.4299,0.1492,0.5905,0.9828,9,0.4134
1,0074,0.5622,0.1089,0.7131,0.9267,64,0.5465
1,0075,0.4242,0.1715,0.5881,0.9898,64,0.4938
1,0075,0.5706,0.1795,0.7112,0.9206,64,0.4879
1,0075,0.2625,0.2249,0.3745,0.9612,64,0.4347
1,0076,0.4214,0.1977,0.5899,1.0,64,0.7685
1,0076,0.4214,0.1977,0.5899,1.0,9,0.692
1,0076,0.2587,0.2149,0.3815,0.9774,64,0.5908
1,0076,0.2587,0.2149,0.3815,0.9774,9,0.4323
1,0076,0.5746,0.2166,0.7151,0.9042,64,0.5428
1,0077,0.5694,0.1739,0.7143,0.9203,64,0.6914
1,0077,0.5694,0.1739,0.7143,0.9203,9,0.4842
1,0077,0.402,0.1756,0.5981,1.0,64,0.6908
1,0077,0.402,0.1756,0.5981,1.0,9,0.5828
1,0077,0.2615,0.2177,0.3762,0.9768,64,0.6433
1,0077,0.2615,0.2177,0.3762,0.9768,9,0.4585
1,0078,0.5681,0.2484,0.7158,0.9222,64,0.7919
1,0078,0.5681,0.2484,0.7158,0.9222,9,0.5146
1,0078,0.2615,0.3086,0.379,0.9747,64,0.7561
1,0078,0.2615,0.3086,0.379,0.9747,9,0.5417
1,0078,0.4079,0.2533,0.5883,0.9899,64,0.6987
1,0078,0.4079,0.2533,0.5883,0.9899,9,0.5273
1,0079,0.2564,0.2883,0.3741,0.9808,64,0.8072
1,0079,0.2564,0.2883,0.3741,0.9808,9,0.6897
1,0079,0.5685,0.2539,0.7101,0.8978,64,0.7623
1,0079,0.5685,0.2539,0.7101,0.8978,9,0.5606
1,0079,0.4071,0.2497,0.5881,0.9776,64,0.6942
1,0079,0.4071,0.2497,0.5881,0.9776,9,0.5256
1,0080,0.2575,0.3096,0.3772,0.9725,64,0.8032
1,0080,0.2575,0.3096,0.3772,0.9725,9,0.6277
1,0080,0.4055,0.2172,0.5902,0.9945,64,0.6872
1,0080,0.4055,0.2172,0.5902,0.9945,9,0.508
1,0080,0.5708,0.2588,0.7033,0.908,64,0.6859
1,0080,0.5708,0.2588,0.7033,0.908,9,0.4222
1,0081,0.4159,0.2265,0.5897,0.9961,64,0.87
1,0081,0.4159,0.2265,0.5897,0.9961,9,0.6817
1,0081,0.4159,0.2265,0.5897,0.9961,17,0.5041
1,0081,0.2542,0.2988,0.3924,0.9739,64,0.8265
1,0081,0.2542,0.2988,0.3924,0.9739,9,0.6202
1,0081,0.2542,0.2988,0.3924,0.9739,17,0.551
1,0081,0.572,0.2707,0.7038,0.9109,64,0.7823
1,0081,0.572,0.2707,0.7038,0.9109,9,0.5259
1,0081,0.572,0.2707,0.7038,0.9109,17,0.4893
1,0082,0.5711,0.2665,0.7036,0.9148,64,0.7743
1,0082,0.5711,0.2665,0.7036,0.9148,9,0.5452
1,0082,0.4125,0.2262,0.5918,0.9976,64,0.7108
1,0082,0.4125,0.2262,0.5918,0.9976,9,0.5218
1,0082,0.2565,0.307,0.3767,0.9655,64,0.6948
1,0082,0.2565,0.307,0.3767,0.9655,9,0.4865
1,0083,0.2568,0.3205,0.3832,0.9711,64,0.8347
1,0083,0.2568,0.3205,0.3832,0.9711,9,0.6466
1,0083,0.2568,0.3205,0.3832,0.9711,17,0.4063
1,0083,0.5701,0.3,0.7066,0.8966,64,0.7659
1,0083,0.5701,0.3,0.7066,0.8966,9,0.5464
1,0083,0.4019,0.2583,0.5855,0.9873,64,0.745
1,0083,0.4019,0.2583,0.5855,0.9873,9,0.5718
1,0084,0.2509,0.3029,0.3807,0.9731,64,0.8418
1,0084,0.2509,0.3029,0.3807,0.9731,9,0.7304
1,0084,0.2509,0.3029,0.3807,0.9731,17,0.5104
1,0084,0.4132,0.2321,0.5848,0.9932,64,0.8006
1,0084,0.4132,0.2321,0.5848,0.9932,9,0.6682
1,0084,0.5645,0.2779,0.7076,0.9138,64,0.7664
1,0084,0.5645,0.2779,0.7076,0.9138,9,0.6241
1,0084,0.5645,0.2779,0.7076,0.9138,17,0.4399
1,0085,0.2469,0.2968,0.3821,0.9788,64,0.8402
1,0085,0.2469,0.2968,0.3821,0.9788,9,0.7336
1,0085,0.2469,0.2968,0.3821,0.9788,17,0.6096
1,0085,0.4166,0.226,0.5844,0.9881,64,0.7215
1,0085,0.4166,0.226,0.5844,0.9881,9,0.5799
1,0085,0.5658,0.2648,0.704,0.9219,64,0.6373
1,0085,0.5658,0.2648,0.704,0.9219,9,0.4979
1,0085,0.5658,0.2648,0.704,0.9219,17,0.4498
1,0086,0.2489,0.2905,0.3919,0.9801,64,0.7836
1,0086,0.2489,0.2905,0.3919,0.9801,9,0.5951
1,0086,0.2489,0.2905,0.3919,0.9801,17,0.4968
1,0086,0.4285,0.1911,0.5808,0.9965,64,0.7613
1,0086,0.4285,0.1911,0.5808,0.9965,9,0.6056
1,0086,0.4285,0.1911,0.5808,0.9965,17,0.4297
1,0086,0.5714,0.2668,0.6967,0.9165,64,0.6288
1,0086,0.5714,0.2668,0.6967,0.9165,9,0.431
1,0086,0.5714,0.2668,0.6967,0.9165,17,0.4047
1,0087,0.2502,0.2553,0.3859,0.9727,64,0.7984
1,0087,0.2502,0.2553,0.3859,0.9727,9,0.6353
1,0087,0.2502,0.2553,0.3859,0.9727,17,0.5066
1,0087,0.5727,0.2713,0.7011,0.9206,64,0.7184
1,0087,0.5727,0.2713,0.7011,0.9206,9,0.5273
1,0087,0.5727,0.2713,0.7011,0.9206,17,0.4632
1,0087,0.4201,0.1708,0.58,0.9908,64,0.6531
1,0087,0.4201,0.1708,0.58,0.9908,9,0.4974
1,0087,0.1095,0.6408,0.2128,0.8704,11,0.6098
1,0088,0.2535,0.2527,0.3855,0.973,64,0.8301
1,0088,0.2535,0.2527,0.3855,0.973,9,0.6962
1,0088,0.2535,0.2527,0.3855,0.973,17,0.546
1,0088,0.4279,0.1554,0.5846,0.9924,64,0.7467
1,0088,0.4279,0.1554,0.5846,0.9924,9,0.5728
1,0088,0.5759,0.2704,0.6947,0.9127,64,0.707
1,0088,0.5759,0.2704,0.6947,0.9127,9,0.4929
1,0088,0.5759,0.2704,0.6947,0.9127,17,0.4338
1,0088,0.1152,0.6373,0.2167,0.8675,11,0.5181
1,0089,0.2537,0.2611,0.3806,0.9704,64,0.8193
1,0089,0.2537,0.2611,0.3806,0.9704,9,0.743
1,0089,0.2537,0.2611,0.3806,0.9704,17,0.4613
1,0089,0.4204,0.16,0.5864,0.9931,64,0.8015
1,0089,0.4204,0.16,0.5864,0.9931,9,0.7082
1,0089,0.5663,0.2661,0.7008,0.909,64,0.7059
1,0089,0.5663,0.2661,0.7008,0.909,9,0.6033
1,0089,0.1082,0.6373,0.2082,0.874,11,0.459
1,0090,0.2517,0.2677,0.379,0.9677,64,0.823
1,0090,0.2517,0.2677,0.379,0.9677,9,0.6951
1,0090,0.2517,0.2677,0.379,0.9677,17,0.6355
1,0090,0.423,0.1717,0.5887,0.9922,64,0.674
1,0090,0.423,0.1717,0.5887,0.9922,9,0.5505
1,0090,0.5725,0.2588,0.704,0.9286,64,0.6727
1,0090,0.5725,0.2588,0.704,0.9286,9,0.5223
1,0090,0.5725,0.2588,0.704,0.9286,17,0.4434
1,0091,0.247,0.2546,0.3899,0.9729,64,0.8692
1,0091,0.247,0.2546,0.3899,0.9729,9,0.7338
1,0091,0.247,0.2546,0.3899,0.9729,17,0.66
1,0091,0.5742,0.2642,0.7025,0.9206,64,0.753
1,0091,0.5742,0.2642,0.7025,0.9206,9,0.5896
1,0091,0.5742,0.2642,0.7025,0.9206,17,0.4496
1,0091,0.4255,0.1615,0.5869,0.9844,64,0.6434
1,0091,0.4255,0.1615,0.5869,0.9844,9,0.4069
1,0091,0.1065,0.6344,0.2095,0.8751,17,0.405
1,0092,0.2513,0.2412,0.382,0.9633,64,0.7934
1,0092,0.2513,0.2412,0.382,0.9633,9,0.6069
1,0092,0.2513,0.2412,0.382,0.9633,17,0.5531
1,0092,0.2513,0.2412,0.382,0.9633,80,0.4288
1,0092,0.5736,0.2618,0.7042,0.9193,64,0.6977
1,0092,0.5736,0.2618,0.7042,0.9193,9,0.516
1,0092,0.5736,0.2618,0.7042,0.9193,17,0.4232
1,0092,0.4433,0.1549,0.586,0.96,64,0.4921
1,0092,0.1144,0.6427,0.2097,0.8679,11,0.432
1,0093,0.2538,0.2389,0.3756,0.9655,64,0.8016
1,0093,0.2538,0.2389,0.3756,0.9655,9,0.6248
1,0093,0.2538,0.2389,0.3756,0.9655,17,0.4723
1,0093,0.572,0.2514,0.6983,0.9162,64,0.7283
1,0093,0.572,0.2514,0.6983,0.9162,9,0.5542
1,0093,0.572,0.2514,0.6983,0.9162,17,0.426
1,0093,0.4358,0.1964,0.5903,0.9799,64,0.5414
1,0094,0.2528,0.2498,0.3754,0.9526,64,0.7545
1,0094,0.2528,0.2498,0.3754,0.9526,9,0.6386
1,0094,0.2528,0.2498,0.3754,0.9526,17,0.4564
1,0094,0.569,0.2691,0.701,0.9073,64,0.6683
1,0094,0.569,0.2691,0.701,0.9073,9,0.5516
1,0094,0.4266,0.1881,0.5879,0.9907,64,0.6673
1,0094,0.4266,0.1881,0.5879,0.9907,9,0.569
1,0095,0.2543,0.2711,0.3747,0.9569,64,0.6991
1,0095,0.2543,0.2711,0.3747,0.9569,17,0.6521
1,0095,0.2543,0.2711,0.3747,0.9569,9,0.5592
1,0095,0.5685,0.2606,0.7035,0.9181,64,0.5746
1,0095,0.5685,0.2606,0.7035,0.9181,17,0.5206
1,0095,0.5685,0.2606,0.7035,0.9181,9,0.4638
1,0095,0.4186,0.2025,0.5901,0.9888,64,0.4389
1,0096,0.2514,0.2647,0.3837,0.9657,64,0.8119
1,0096,0.2514,0.2647,0.3837,0.9657,9,0.6589
1,0096,0.2514,0.2647,0.3837,0.9657,17,0.6277
1,0096,0.2514,0.2647,0.3837,0.9657,80,0.4903
1,0096,0.5761,0.2598,0.7023,0.907,64,0.5999
1,0096,0.5761,0.2598,0.7023,0.907,9,0.4081
1,0096,0.4179,0.1951,0.5828,0.9941,64,0.5628
1,0097,0.2484,0.254,0.3769,0.9526,64,0.7863
1,0097,0.2484,0.254,0.3769,0.9526,9,0.6639
1,0097,0.5732,0.2695,0.7025,0.9093,64,0.6761
1,0097,0.5732,0.2695,0.7025,0.9093,9,0.5492
1,0097,0.4187,0.2218,0.5778,0.9929,64,0.5176
1,0097,0.4187,0.2218,0.5778,0.9929,9,0.4199
1,0098,0.2479,0.2658,0.3729,0.9419,64,0.7609
1,0098,0.2479,0.2658,0.3729,0.9419,9,0.5856
1,0098,0.5715,0.2737,0.6997,0.8786,64,0.6956
1,0098,0.5715,0.2737,0.6997,0.8786,9,0.5473
1,0098,0.4175,0.2454,0.5795,0.9734,64,0.4664
1,0099,0.5675,0.2799,0.6994,0.8735,64,0.7726
1,0099,0.5675,0.2799,0.6994,0.8735,9,0.7034
1,0099,0.2426,0.2768,0.3767,0.9166,64,0.7126
1,0099,0.2426,0.2768,0.3767,0.9166,9,0.5527
1,0099,0.4244,0.2298,0.5614,0.9804,64,0.5479
1,0099,0.4244,0.2298,0.5614,0.9804,9,0.4848
1,0100,0.25,0.2947,0.3715,0.9443,64,0.7131
1,0100,0.25,0.2947,0.3715,0.9443,9,0.5817
1,0100,0.25,0.2947,0.3715,0.9443,17,0.502
1,0100,0.5673,0.2764,0.696,0.8898,64,0.7109
1,0100,0.5673,0.2764,0.696,0.8898,9,0.6428
1,0100,0.5673,0.2764,0.696,0.8898,17,0.4957
1,0100,0.4089,0.2316,0.5755,0.9849,64,0.6706
1,0100,0.4089,0.2316,0.5755,0.9849,9,0.5881
1,0101,0.253,0.2868,0.3832,0.956,64,0.8466
1,0101,0.253,0.2868,0.3832,0.956,9,0.7024
1,0101,0.253,0.2868,0.3832,0.956,17,0.6019
1,0101,0.4058,0.2263,0.5778,0.9823,64,0.7569
1,0101,0.4058,0.2263,0.5778,0.9823,9,0.6228
1,0101,0.5748,0.2742,0.7006,0.8935,64,0.713
1,0101,0.5748,0.2742,0.7006,0.8935,9,0.5936
1,0101,0.5748,0.2742,0.7006,0.8935,17,0.4744
1,0102,0.25,0.2796,0.373,0.9393,64,0.7984
1,0102,0.25,0.2796,0.373,0.9393,9,0.625
1,0102,0.5681,0.2803,0.7015,0.8937,64,0.7524
1,0102,0.5681,0.2803,0.7015,0.8937,9,0.664
1,0102,0.5681,0.2803,0.7015,0.8937,17,0.4065
1,0102,0.4046,0.2475,0.5799,0.9846,64,0.556
1,0102,0.4046,0.2475,0.5799,0.9846,9,0.4394
1,0103,0.5619,0.2923,0.6918,0.8949,64,0.8085
1,0103,0.5619,0.2923,0.6918,0.8949,9,0.7172
1,0103,0.5619,0.2923,0.6918,0.8949,17,0.4648
1,0103,0.2526,0.2892,0.3747,0.9335,64,0.7429
1,0103,0.2526,0.2892,0.3747,0.9335,9,0.5095
1,0103,0.4062,0.2606,0.5823,0.9818,64,0.5732
1,0103,0.4062,0.2606,0.5823,0.9818,9,0.4522
1,0104,0.5636,0.293,0.6944,0.8782,64,0.7427
1,0104,0.5636,0.293,0.6944,0.8782,9,0.7296
1,0104,0.2441,0.2939,0.3765,0.9289,64,0.7061
1,0104,0.2441,0.2939,0.3765,0.9289,9,0.5367
1,0104,0.4025,0.2431,0.5798,0.9777,64,0.5809
1,0104,0.4025,0.2431,0.5798,0.9777,9,0.5528
1,0105,0.2412,0.299,0.3808,0.9457,64,0.6789
1,0105,0.2412,0.299,0.3808,0.9457,9,0.5531
1,0105,0.2412,0.299,0.3808,0.9457,17,0.4097
1,0105,0.5626,0.2882,0.6965,0.9138,64,0.6327
1,0105,0.5626,0.2882,0.6965,0.9138,9,0.5884
1,0105,0.5626,0.2882,0.6965,0.9138,17,0.4142
1,0105,0.4031,0.2472,0.5864,0.9794,64,0.6202
1,0105,0.4031,0.2472,0.5864,0.9794,9,0.5507
1,0106,0.2414,0.3001,0.3798,0.9425,64,0.7531
1,0106,0.2414,0.3001,0.3798,0.9425,9,0.6387
1,0106,0.4035,0.253,0.5881,0.9757,64,0.6148
1,0106,0.4035,0.253,0.5881,0.9757,9,0.5325
1,0106,0.5699,0.2822,0.7018,0.8915,64,0.5078
1,0106,0.5699,0.2822,0.7018,0.8915,9,0.4665
1,0107,0.5656,0.2932,0.7009,0.8873,64,0.626
1,0107,0.5656,0.2932,0.7009,0.8873,9,0.5549
1,0107,0.4061,0.242,0.5966,0.9776,64,0.5887
1,0107,0.4061,0.242,0.5966,0.9776,9,0.5215
1,0107,0.2426,0.2811,0.3718,0.9494,64,0.5639
1,0107,0.2426,0.2811,0.3718,0.9494,9,0.4986
1,0108,0.5652,0.2913,0.7032,0.8735,64,0.7456
1,0108,0.5652,0.2913,0.7032,0.8735,9,0.5954
1,0108,0.2459,0.306,0.3946,0.9404,64,0.663
1,0108,0.2459,0.306,0.3946,0.9404,9,0.4149
1,0108,0.4015,0.2717,0.5919,0.9728,64,0.5554
1,0108,0.4015,0.2717,0.5919,0.9728,9,0.4392
1,0108,0.0,0.4429,0.1409,0.9651,64,0.4718
1,0109,0.5692,0.2947,0.7048,0.8501,64,0.7324
1,0109,0.5692,0.2947,0.7048,0.8501,9,0.6764
1,0109,0.2417,0.3252,0.3976,0.9368,64,0.7048
1,0109,0.2417,0.3252,0.3976,0.9368,9,0.5529
1,0109,0.4022,0.2607,0.608,0.9572,64,0.5776
1,0109,0.4022,0.2607,0.608,0.9572,9,0.5307
1,0109,0.004719,0.4703,0.1499,0.9696,64,0.4395
1,0110,0.3957,0.2688,0.6002,0.9504,64,0.5978
1,0110,0.3957,0.2688,0.6002,0.9504,9,0.5016
1,0110,0.2381,0.298,0.3993,0.9349,64,0.5713
1,0110,0.2381,0.298,0.3993,0.9349,9,0.4215
1,0110,0.5793,0.2972,0.7184,0.8192,64,0.5675
1,0110,0.5793,0.2972,0.7184,0.8192,9,0.4446
1,0110,0.002388,0.4655,0.1621,0.964,64,0.4656
1,0111,0.0,0.4416,0.1592,0.9584,64,0.6713
1,0111,0.0,0.4416,0.1592,0.9584,9,0.5849
1,0111,0.0,0.4416,0.1592,0.9584,17,0.5565
1,0111,0.3993,0.2585,0.6009,0.9558,64,0.609
1,0111,0.3993,0.2585,0.6009,0.9558,9,0.5164
1,0111,0.7336,0.4978,0.8697,0.8832,64,0.5512
1,0111,0.7336,0.4978,0.8697,0.8832,9,0.4637
1,0111,0.2484,0.3014,0.3964,0.8969,64,0.512
1,0111,0.6017,0.2958,0.7157,0.7829,64,0.5023
1,0112,0.003031,0.4329,0.1608,0.953,64,0.6477
1,0112,0.003031,0.4329,0.1608,0.953,9,0.5822
1,0112,0.003031,0.4329,0.1608,0.953,17,0.4734
1,0112,0.4087,0.2544,0.626,0.9599,64,0.5724
1,0112,0.4087,0.2544,0.626,0.9599,9,0.5141
1,0112,0.5962,0.2977,0.725,0.8344,64,0.5402
1,0112,0.5962,0.2977,0.725,0.8344,9,0.4215
1,0112,0.273,0.296,0.4019,0.9211,64,0.5046
1,0113,0.0,0.4218,0.1665,0.9559,64,0.7028
1,0113,0.0,0.4218,0.1665,0.9559,9,0.5945
1,0113,0.0,0.4218,0.1665,0.9559,17,0.4447
1,0113,0.5996,0.2947,0.7313,0.8395,64,0.6399
1,0113,0.5996,0.2947,0.7313,0.8395,9,0.4182
1,0113,0.3967,0.271,0.6613,0.9608,64,0.6117
1,0113,0.3967,0.271,0.6613,0.9608,9,0.4374
1,0113,0.2542,0.3012,0.4097,0.9236,64,0.5946
1,0114,0.4054,0.2633,0.6572,0.9465,64,0.6445
1,0114,0.4054,0.2633,0.6572,0.9465,9,0.5639
1,0114,0.5925,0.3028,0.7342,0.8332,64,0.6267
1,0114,0.5925,0.3028,0.7342,0.8332,9,0.4862
1,0114,0.0,0.443,0.1783,0.9717,64,0.6226
1,0114,0.0,0.443,0.1783,0.9717,9,0.5886
1,0114,0.2562,0.299,0.4061,0.9128,64,0.4684
1,0115,0.000153,0.4232,0.1921,0.97,64,0.6517
1,0115,0.000153,0.4232,0.1921,0.97,9,0.6107
1,0115,0.4156,0.2569,0.6695,0.9457,64,0.5539
1,0115,0.2522,0.2742,0.415,0.9319,64,0.5527
1,0115,0.8477,0.4653,1.0,0.9852,64,0.5236
1,0115,0.8477,0.4653,1.0,0.9852,9,0.4241
1,0115,0.6063,0.3009,0.7388,0.8008,64,0.4912
1,0116,0.0,0.4204,0.1889,0.9626,64,0.7064
1,0116,0.0,0.4204,0.1889,0.9626,9,0.5757
1,0116,0.4304,0.2682,0.6636,0.9538,64,0.5965
1,0116,0.604,0.301,0.7375,0.8182,64,0.535
1,0116,0.2543,0.2932,0.4053,0.9281,64,0.529
1,0116,0.8443,0.4383,0.9966,0.9558,64,0.4175
1,0117,0.00369,0.4136,0.1953,0.964,64,0.739
1,0117,0.00369,0.4136,0.1953,0.964,9,0.6736
1,0117,0.6036,0.2961,0.7439,0.8481,64,0.615
1,0117,0.6036,0.2961,0.7439,0.8481,9,0.4549
1,0117,0.4262,0.2854,0.6478,0.9529,64,0.6077
1,0117,0.4262,0.2854,0.6478,0.9529,9,0.4086
1,0117,0.2619,0.282,0.4086,0.9219,64,0.5877
1,0117,0.2619,0.282,0.4086,0.9219,9,0.4739
1,0118,0.001181,0.4106,0.2116,0.9667,64,0.745
1,0118,0.001181,0.4106,0.2116,0.9667,9,0.5924
1,0118,0.001181,0.4106,0.2116,0.9667,17,0.4741
1,0118,0.433,0.2863,0.6655,0.9525,64,0.6924
1,0118,0.433,0.2863,0.6655,0.9525,9,0.4584
1,0118,0.2554,0.2994,0.4179,0.924,64,0.6835
1,0118,0.2554,0.2994,0.4179,0.924,9,0.4644
1,0118,0.6083,0.2894,0.7485,0.8221,64,0.6254
1,0118,0.6083,0.2894,0.7485,0.8221,9,0.4085
1,0119,0.2501,0.3113,0.4101,0.9203,64,0.6574
1,0119,0.2501,0.3113,0.4101,0.9203,9,0.5245
1,0119,0.4307,0.2703,0.652,0.9365,64,0.6551
1,0119,0.4307,0.2703,0.652,0.9365,9,0.5461
1,0119,0.0,0.4086,0.2032,0.9693,64,0.6466
1,0119,0.0,0.4086,0.2032,0.9693,9,0.6093
1,0119,0.0,0.4086,0.2032,0.9693,80,0.4065
1,0119,0.6061,0.2809,0.7459,0.8178,64,0.5776
1,0119,0.6061,0.2809,0.7459,0.8178,9,0.4457
1,0120,0.0003049,0.3992,0.2058,0.9627,64,0.7269
1,0120,0.0003049,0.3992,0.2058,0.9627,9,0.6157
1,0120,0.0003049,0.3992,0.2058,0.9627,17,0.4439
1,0120,0.4299,0.2663,0.6474,0.9426,64,0.6802
1,0120,0.4299,0.2663,0.6474,0.9426,9,0.4993
1,0120,0.2482,0.2988,0.4172,0.9228,64,0.6378
1,0120,0.2482,0.2988,0.4172,0.9228,9,0.4188
1,0120,0.8191,0.4435,0.9994,0.968,64,0.5406
1,0120,0.6158,0.3054,0.7371,0.8284,64,0.5295
1,0121,0.0,0.3999,0.198,0.9585,64,0.7257
1,0121,0.0,0.3999,0.198,0.9585,9,0.6139
1,0121,0.0,0.3999,0.198,0.9585,17,0.5012
1,0121,0.4274,0.2595,0.631,0.9448,64,0.5802
1,0121,0.8196,0.4464,0.9963,0.9573,64,0.5283
1,0121,0.2407,0.298,0.3903,0.9226,64,0.508
1,0121,0.6115,0.3154,0.7385,0.8149,64,0.4803
1,0122,0.002316,0.3988,0.1935,0.9568,64,0.7535
1,0122,0.002316,0.3988,0.1935,0.9568,9,0.6913
1,0122,0.2552,0.2912,0.41,0.9159,64,0.5412
1,0122,0.2552,0.2912,0.41,0.9159,9,0.4171
1,0122,0.4257,0.2961,0.6618,0.9487,64,0.4678
1,0122,0.6002,0.2845,0.7465,0.8506,64,0.432
1,0123,0.0001563,0.3907,0.2016,0.9449,64,0.7651
1,0123,0.0001563,0.3907,0.2016,0.9449,9,0.6587
1,0123,0.2498,0.2928,0.4198,0.9185,64,0.5598
1,0123,0.612,0.2935,0.7431,0.8508,64,0.4986
1,0123,0.4347,0.2995,0.6529,0.9423,64,0.4635
1,0124,0.0,0.3922,0.1972,0.9576,9,0.7205
1,0124,0.0,0.3922,0.1972,0.9576,64,0.6981
1,0124,0.0,0.3922,0.1972,0.9576,80,0.4441
1,0124,0.4355,0.2775,0.6542,0.9278,64,0.6027
1,0124,0.4355,0.2775,0.6542,0.9278,9,0.527
1,0124,0.6146,0.2803,0.7543,0.8345,64,0.5791
1,0124,0.6146,0.2803,0.7543,0.8345,9,0.5391
1,0124,0.2606,0.3023,0.4218,0.9133,64,0.477
1,0124,0.2606,0.3023,0.4218,0.9133,9,0.439
1,0125,0.000557,0.3792,0.2065,0.9552,64,0.7294
1,0125,0.000557,0.3792,0.2065,0.9552,9,0.6868
1,0125,0.4425,0.2713,0.6456,0.926,64,0.5771
1,0125,0.4425,0.2713,0.6456,0.926,9,0.4583
1,0125,0.2449,0.3037,0.4102,0.9134,64,0.4965
1,0125,0.6201,0.2975,0.7347,0.8308,64,0.4826
1,0126,0.0006327,0.4031,0.2012,0.9505,64,0.7311
1,0126,0.0006327,0.4031,0.2012,0.9505,9,0.6626
1,0126,0.252,0.2996,0.4156,0.9069,64,0.5939
1,0126,0.252,0.2996,0.4156,0.9069,9,0.46
1,0126,0.4418,0.2858,0.649,0.9294,64,0.5748
1,0126,0.4418,0.2858,0.649,0.9294,9,0.417
1,0126,0.8148,0.4034,0.9953,0.9569,64,0.4298
1,0126,0.6165,0.3245,0.7358,0.8275,64,0.412
1,0127,0.004901,0.4021,0.1944,0.9461,64,0.7499
1,0127,0.004901,0.4021,0.1944,0.9461,9,0.7444
1,0127,0.4379,0.3014,0.6416,0.9257,64,0.525
1,0127,0.4379,0.3014,0.6416,0.9257,9,0.4443
1,0127,0.8106,0.4298,0.9924,0.9486,64,0.473
1,0127,0.8106,0.4298,0.9924,0.9486,9,0.4409
1,0127,0.6061,0.3145,0.7333,0.8067,64,0.4097
1,0128,0.004193,0.4062,0.1983,0.9355,64,0.7555
1,0128,0.004193,0.4062,0.1983,0.9355,9,0.7058
1,0128,0.2475,0.2958,0.4314,0.9114,64,0.6413
1,0128,0.2475,0.2958,0.4314,0.9114,9,0.4825
1,0128,0.4377,0.3062,0.6462,0.9206,64,0.6139
1,0128,0.4377,0.3062,0.6462,0.9206,9,0.4924
1,0128,0.6113,0.3211,0.7417,0.8298,64,0.5062
1,0128,0.6113,0.3211,0.7417,0.8298,9,0.4198
1,0128,0.8016,0.4156,0.9782,0.9319,64,0.4782
1,0129,0.002956,0.4025,0.2146,0.9475,64,0.77
1,0129,0.002956,0.4025,0.2146,0.9475,9,0.7537
1,0129,0.4363,0.277,0.6636,0.9235,64,0.6781
1,0129,0.4363,0.277,0.6636,0.9235,9,0.5951
1,0129,0.797,0.4132,0.9888,0.9518,9,0.6052
1,0129,0.797,0.4132,0.9888,0.9518,64,0.5889
1,0129,0.6182,0.3074,0.7499,0.8374,64,0.5282
1,0129,0.6182,0.3074,0.7499,0.8374,9,0.5004
1,0129,0.2732,0.3263,0.4333,0.9036,64,0.487
1,0130,0.001287,0.3944,0.2232,0.9458,64,0.7188
1,0130,0.001287,0.3944,0.2232,0.9458,9,0.6018
1,0130,0.441,0.2831,0.661,0.9168,64,0.7155
1,0130,0.441,0.2831,0.661,0.9168,9,0.5704
1,0130,0.2454,0.2894,0.4312,0.9144,64,0.57
1,0130,0.6226,0.2969,0.7474,0.8349,64,0.4579
1,0131,0.004504,0.4179,0.2196,0.9462,64,0.7079
1,0131,0.004504,0.4179,0.2196,0.9462,9,0.576
1,0131,0.4428,0.2865,0.6398,0.916,64,0.5663
1,0131,0.2541,0.2825,0.4187,0.9009,64,0.5617
1,0131,0.8134,0.4586,0.9974,0.9551,64,0.5388
1,0131,0.8134,0.4586,0.9974,0.9551,9,0.4619
1,0131,0.6208,0.3372,0.7396,0.8036,64,0.4428
1,0132,0.01369,0.423,0.201,0.9414,64,0.7123
1,0132,0.01369,0.423,0.201,0.9414,9,0.6772
1,0132,0.01369,0.423,0.201,0.9414,17,0.4372
1,0132,0.8167,0.4548,0.9987,0.9541,64,0.5488
1,0132,0.8167,0.4548,0.9987,0.9541,9,0.4891
1,0132,0.4384,0.2926,0.6737,0.9182,64,0.5102
1,0132,0.7093,0.4658,0.8686,0.9115,64,0.4876
1,0132,0.6051,0.3217,0.7407,0.8096,64,0.4349
1,0133,0.01379,0.4166,0.2032,0.9233,64,0.6838
1,0133,0.01379,0.4166,0.2032,0.9233,9,0.6045
1,0133,0.4195,0.3222,0.6397,0.909,64,0.5828
1,0133,0.5938,0.3184,0.742,0.8476,64,0.5317
1,0133,0.8039,0.4425,0.9804,0.9348,64,0.525
1,0133,0.8039,0.4425,0.9804,0.9348,9,0.4142
1,0133,0.7061,0.4702,0.8446,0.8864,64,0.5199
1,0133,0.2926,0.2815,0.4359,0.8929,64,0.467
1,0134,0.4366,0.3001,0.6557,0.9129,64,0.6418
1,0134,0.4366,0.3001,0.6557,0.9129,9,0.4649
1,0134,0.01486,0.4414,0.196,0.927,64,0.5904
1,0134,0.01486,0.4414,0.196,0.927,9,0.5305
1,0134,0.7979,0.4842,0.9956,0.9542,64,0.5597
1,0134,0.7979,0.4842,0.9956,0.9542,9,0.4733
1,0134,0.6094,0.3163,0.7398,0.8204,64,0.5313
1,0135,0.444,0.3144,0.6442,0.8952,64,0.6592
1,0135,0.01167,0.4333,0.2295,0.9326,64,0.6205
1,0135,0.01167,0.4333,0.2295,0.9326,9,0.5215
1,0135,0.01167,0.4333,0.2295,0.9326,17,0.4594
1,0135,0.6203,0.317,0.7358,0.8026,64,0.5092
1,0135,0.2704,0.2869,0.4408,0.8954,64,0.5037
1,0135,0.8011,0.4717,0.9997,0.951,64,0.4258
1,0136,0.01544,0.4633,0.2314,0.9306,64,0.6117
1,0136,0.01544,0.4633,0.2314,0.9306,9,0.4815
1,0136,0.443,0.3147,0.6827,0.9057,64,0.5861
1,0136,0.8166,0.4827,1.0,0.9518,64,0.5185
1,0136,0.5835,0.3374,0.7283,0.8449,64,0.4713
1,0136,0.2772,0.3134,0.439,0.8861,64,0.4415
1,0136,0.7072,0.4978,0.8548,0.9083,64,0.4007
1,0137,0.01528,0.4629,0.2217,0.9358,64,0.7173
1,0137,0.01528,0.4629,0.2217,0.9358,9,0.6227
1,0137,0.01528,0.4629,0.2217,0.9358,17,0.4769
1,0137,0.8335,0.4843,0.9997,0.9515,64,0.5597
1,0137,0.8335,0.4843,0.9997,0.9515,9,0.4202
1,0137,0.4441,0.3162,0.6353,0.8876,64,0.5371
1,0137,0.7076,0.4918,0.87,0.9242,64,0.4815
1,0137,0.2739,0.3178,0.436,0.8758,64,0.4795
1,0137,0.5969,0.3164,0.718,0.8096,64,0.4408
1,0138,0.007992,0.4668,0.2049,0.917,64,0.6553
1,0138,0.007992,0.4668,0.2049,0.917,9,0.5618
1,0138,0.007992,0.4668,0.2049,0.917,17,0.5307
1,0138,0.7064,0.4986,0.8696,0.907,64,0.5828
1,0138,0.2742,0.2971,0.4404,0.8852,64,0.5631
1,0138,0.8058,0.4872,0.992,0.9523,64,0.5254
1,0138,0.4343,0.329,0.6209,0.8834,64,0.5222
1,0138,0.605,0.3282,0.7277,0.7996,64,0.5105
1,0139,0.0159,0.4698,0.2267,0.9224,64,0.5987
1,0139,0.0159,0.4698,0.2267,0.9224,9,0.5119
1,0139,0.7904,0.5087,0.9952,0.9621,64,0.5776
1,0139,0.4379,0.3282,0.6447,0.9016,64,0.5691
1,0139,0.5794,0.3301,0.7313,0.8667,64,0.5557
1,0139,0.2758,0.3463,0.4359,0.8818,64,0.4802
1,0139,0.6033,0.3381,0.7184,0.7947,9,0.4383
1,0140,0.4328,0.3235,0.644,0.8987,64,0.6856
1,0140,0.4328,0.3235,0.644,0.8987,9,0.4079
1,0140,0.01205,0.4605,0.237,0.9226,64,0.6852
1,0140,0.01205,0.4605,0.237,0.9226,9,0.5073
1,0140,0.2667,0.3249,0.4386,0.8915,64,0.6271
1,0140,0.2667,0.3249,0.4386,0.8915,9,0.4168
1,0140,0.7804,0.5049,0.9951,0.9544,64,0.5343
1,0140,0.6054,0.3413,0.7073,0.8134,64,0.4798
1,0141,0.01449,0.4746,0.2473,0.9273,64,0.675
1,0141,0.01449,0.4746,0.2473,0.9273,9,0.4975
1,0141,0.4367,0.3457,0.6857,0.8923,64,0.6699
1,0141,0.4367,0.3457,0.6857,0.8923,9,0.4224
1,0141,0.2682,0.348,0.4433,0.882,64,0.5822
1,0141,0.8093,0.4927,0.9901,0.9493,64,0.5082
1,0142,0.01027,0.4669,0.2289,0.9225,64,0.7277
1,0142,0.01027,0.4669,0.2289,0.9225,9,0.5752
1,0142,0.01027,0.4669,0.2289,0.9225,17,0.4993
1,0142,0.2671,0.3542,0.4324,0.8765,64,0.6326
1,0142,0.2671,0.3542,0.4324,0.8765,9,0.4816
1,0142,0.4142,0.3384,0.6598,0.8787,64,0.5983
1,0142,0.8062,0.5071,0.9909,0.9521,64,0.511
1,0142,0.7153,0.518,0.8829,0.9386,64,0.4684
1,0142,0.5632,0.3273,0.6977,0.836,64,0.453
1,0143,0.005358,0.4673,0.2154,0.9093,64,0.702
1,0143,0.005358,0.4673,0.2154,0.9093,9,0.5824
1,0143,0.005358,0.4673,0.2154,0.9093,17,0.4622
1,0143,0.2615,0.3536,0.4387,0.8845,64,0.6821
1,0143,0.2615,0.3536,0.4387,0.8845,9,0.5174
1,0143,0.4163,0.3578,0.6642,0.8878,64,0.6053
1,0143,0.6014,0.3347,0.7103,0.7823,64,0.5082
1,0143,0.8056,0.5106,0.9839,0.9517,64,0.5004
1,0143,0.7197,0.4999,0.8713,0.9308,64,0.4118
1,0144,0.0136,0.4661,0.2436,0.9167,64,0.6872
1,0144,0.0136,0.4661,0.2436,0.9167,9,0.6131
1,0144,0.7961,0.5048,0.9929,0.9491,64,0.6629
1,0144,0.7961,0.5048,0.9929,0.9491,9,0.515
1,0144,0.4112,0.3503,0.6532,0.8791,64,0.6258
1,0144,0.564,0.3368,0.7065,0.8412,64,0.5537
1,0144,0.2664,0.3589,0.4407,0.8785,64,0.5368
1,0144,0.2664,0.3589,0.4407,0.8785,9,0.4383
1,0145,0.01553,0.4609,0.2472,0.914,64,0.6813
1,0145,0.01553,0.4609,0.2472,0.914,9,0.5198
1,0145,0.2619,0.3552,0.4345,0.884,64,0.5758
1,0145,0.7905,0.5001,0.9811,0.9392,64,0.5549
1,0145,0.4095,0.3499,0.6322,0.8663,64,0.5461
1,0145,0.5984,0.3407,0.6897,0.7879,64,0.4136
1,0146,0.4144,0.334,0.66,0.8835,64,0.6425
1,0146,0.01805,0.4703,0.2544,0.9136,64,0.6345
1,0146,0.01805,0.4703,0.2544,0.9136,9,0.4844
1,0146,0.2687,0.3655,0.4405,0.8657,64,0.5959
1,0146,0.7979,0.4934,0.9791,0.9423,64,0.4523
1,0146,0.7403,0.5389,0.8969,0.9445,64,0.4461
1,0147,0.4213,0.3565,0.6636,0.8854,64,0.6553
1,0147,0.4213,0.3565,0.6636,0.8854,9,0.4157
1,0147,0.2693,0.3729,0.4345,0.8714,64,0.6462
1,0147,0.2693,0.3729,0.4345,0.8714,9,0.4806
1,0147,0.01555,0.4464,0.2461,0.9091,64,0.6397
1,0147,0.01555,0.4464,0.2461,0.9091,9,0.5271
1,0147,0.7875,0.4671,0.9723,0.9415,64,0.543
1,0148,0.4055,0.3477,0.651,0.8808,64,0.6408
1,0148,0.4055,0.3477,0.651,0.8808,9,0.4338
1,0148,0.7777,0.4282,0.971,0.9425,64,0.6377
1,0148,0.7777,0.4282,0.971,0.9425,9,0.4651
1,0148,0.01166,0.4407,0.2256,0.9015,64,0.6324
1,0148,0.01166,0.4407,0.2256,0.9015,9,0.5645
1,0148,0.2628,0.367,0.4373,0.8735,64,0.5909
1,0148,0.2628,0.367,0.4373,0.8735,9,0.4122
1,0148,0.5587,0.3345,0.6935,0.8199,64,0.4899
1,0149,0.7799,0.3994,0.9656,0.947,64,0.6346
1,0149,0.7799,0.3994,0.9656,0.947,9,0.5242
1,0149,0.4242,0.2999,0.6023,0.873,64,0.5901
1,0149,0.4242,0.2999,0.6023,0.873,9,0.4321
1,0149,0.02023,0.4243,0.2326,0.9037,9,0.5271
1,0149,0.02023,0.4243,0.2326,0.9037,64,0.5176
1,0149,0.275,0.3728,0.4411,0.8652,64,0.5207
1,0149,0.275,0.3728,0.4411,0.8652,9,0.4062
1,0149,0.5522,0.3289,0.6887,0.8238,64,0.5005
1,0150,0.02906,0.3645,0.2364,0.913,64,0.6645
1,0150,0.02906,0.3645,0.2364,0.913,9,0.6077
1,0150,0.4242,0.3377,0.6419,0.8782,64,0.6214
1,0150,0.4242,0.3377,0.6419,0.8782,9,0.4461
1,0150,0.7787,0.4279,0.9637,0.9289,64,0.5913
1,0150,0.7787,0.4279,0.9637,0.9289,9,0.4577
1,0150,0.2773,0.3535,0.4327,0.8717,64,0.5815
1,0150,0.2773,0.3535,0.4327,0.8717,9,0.4459
1,0150,0.5338,0.3338,0.6787,0.8139,64,0.4979
1,0151,0.2874,0.3602,0.4359,0.8589,64,0.6349
1,0151,0.2874,0.3602,0.4359,0.8589,9,0.478
1,0151,0.4123,0.3274,0.6386,0.8706,64,0.6106
1,0151,0.03412,0.3588,0.2329,0.9167,64,0.6051
1,0151,0.03412,0.3588,0.2329,0.9167,9,0.4602
1,0151,0.8098,0.4432,0.9602,0.9219,64,0.451
1,0151,0.546,0.3229,0.6784,0.8056,64,0.4246
1,0152,0.275,0.3586,0.437,0.8615,64,0.6147
1,0152,0.275,0.3586,0.437,0.8615,9,0.5047
1,0152,0.441,0.3424,0.6529,0.8578,64,0.5991
1,0152,0.441,0.3424,0.6529,0.8578,9,0.4358
1,0152,0.8129,0.4022,0.9545,0.9309,64,0.5243
1,0152,0.8129,0.4022,0.9545,0.9309,9,0.423
1,0152,0.03869,0.3446,0.2347,0.9153,64,0.4258
1,0153,0.811,0.3695,0.9538,0.9322,64,0.6261
1,0153,0.811,0.3695,0.9538,0.9322,9,0.5214
1,0153,0.4161,0.3155,0.6304,0.8584,64,0.6008
1,0153,0.4161,0.3155,0.6304,0.8584,9,0.4047
1,0153,0.2683,0.3516,0.4454,0.8678,64,0.5607
1,0153,0.2683,0.3516,0.4454,0.8678,9,0.4173
1,0153,0.0356,0.3317,0.2266,0.9131,64,0.5396
1,0153,0.5446,0.3264,0.6807,0.8208,64,0.5384
1,0153,0.01742,0.3637,0.1568,0.8917,9,0.4447
1,0154,0.4549,0.2966,0.648,0.8353,64,0.5986
1,0154,0.4549,0.2966,0.648,0.8353,9,0.4153
1,0154,0.7947,0.3691,0.949,0.9348,64,0.5751
1,0154,0.7947,0.3691,0.949,0.9348,9,0.5403
1,0154,0.291,0.3472,0.4421,0.845,64,0.4853
1,0154,0.007681,0.3559,0.1417,0.8774,64,0.4821
1,0154,0.007681,0.3559,0.1417,0.8774,9,0.4331
1,0155,0.7821,0.3327,0.9419,0.922,64,0.614
1,0155,0.7821,0.3327,0.9419,0.922,9,0.5145
1,0155,0.4579,0.3104,0.6643,0.8095,64,0.5487
1,0155,0.2845,0.3366,0.4362,0.8609,64,0.533
1,0156,0.4197,0.2844,0.6217,0.8529,64,0.5463
1,0156,0.2927,0.3347,0.4291,0.8649,64,0.529
1,0156,0.7827,0.3149,0.9313,0.9072,64,0.4951
1,0156,0.5321,0.3194,0.6936,0.8256,64,0.4546
1,0157,0.2914,0.3323,0.4418,0.8564,64,0.5611
1,0157,0.2914,0.3323,0.4418,0.8564,9,0.424
1,0157,0.4164,0.3009,0.6658,0.8416,64,0.5581
1,0157,0.4164,0.3009,0.6658,0.8416,9,0.4074
1,0157,0.7656,0.304,0.9159,0.9096,64,0.5193
1,0157,0.6674,0.3365,0.8055,0.9074,64,0.4256
1,0158,0.2828,0.333,0.453,0.8657,64,0.651
1,0158,0.2828,0.333,0.453,0.8657,9,0.4792
1,0158,0.4445,0.3016,0.6417,0.8367,64,0.6432
1,0158,0.5447,0.3252,0.6829,0.8281,64,0.5256
1,0158,0.4183,0.3,0.5847,0.8526,9,0.4574
1,0158,0.0258,0.287,0.1737,0.8779,64,0.4152
1,0158,0.6655,0.3379,0.8045,0.9087,64,0.4127
1,0159,0.4176,0.2831,0.5925,0.8499,64,0.5969
1,0159,0.4176,0.2831,0.5925,0.8499,9,0.4721
1,0159,0.0113,0.303,0.154,0.8703,64,0.522
1,0159,0.0113,0.303,0.154,0.8703,9,0.5023
1,0159,0.2958,0.3338,0.4437,0.8533,64,0.4794
1,0159,0.7093,0.3251,0.8849,0.903,64,0.408
1,0160,0.4158,0.2894,0.6023,0.8487,64,0.5692
1,0160,0.2877,0.3224,0.4455,0.8695,64,0.5234
1,0160,0.7003,0.2991,0.9005,0.9169,64,0.4657
1,0160,0.01613,0.2894,0.1556,0.869,64,0.4416
1,0160,0.541,0.3169,0.6793,0.823,64,0.4304
1,0161,0.6809,0.2949,0.906,0.9099,64,0.6996
1,0161,0.6809,0.2949,0.906,0.9099,9,0.51
1,0161,0.4115,0.2764,0.5933,0.87,64,0.6317
1,0161,0.4115,0.2764,0.5933,0.87,9,0.4663
1,0161,0.3086,0.3233,0.4362,0.861,64,0.5449
1,0161,0.0153,0.2558,0.1815,0.8742,64,0.4991
1,0161,0.09614,0.2189,0.3065,0.8929,64,0.4009
1,0162,0.4084,0.2781,0.5835,0.8681,64,0.6695
1,0162,0.4084,0.2781,0.5835,0.8681,9,0.4831
1,0162,0.7071,0.2815,0.9017,0.913,64,0.5542
1,0162,0.7071,0.2815,0.9017,0.913,9,0.4218
1,0162,0.2779,0.3263,0.4406,0.8819,64,0.5227
1,0162,0.5391,0.3155,0.6709,0.8332,64,0.472
1,0162,0.6598,0.3052,0.7975,0.8921,64,0.4119
1,0163,0.4054,0.2889,0.5913,0.8697,64,0.6868
1,0163,0.4054,0.2889,0.5913,0.8697,9,0.5027
1,0163,0.679,0.2999,0.8847,0.9147,64,0.5614
1,0163,0.679,0.2999,0.8847,0.9147,9,0.4416
1,0163,0.2787,0.3326,0.4392,0.8865,64,0.5043
1,0163,0.5512,0.3333,0.6868,0.8094,64,0.494
1,0164,0.4064,0.2862,0.5972,0.8691,64,0.5717
1,0164,0.4064,0.2862,0.5972,0.8691,9,0.4777
1,0164,0.1175,0.2463,0.3099,0.9056,64,0.5201
1,0164,0.1175,0.2463,0.3099,0.9056,9,0.4403
1,0164,0.01711,0.2913,0.1756,0.8602,64,0.4543
1,0164,0.01711,0.2913,0.1756,0.8602,9,0.4308
1,0164,0.6612,0.2871,0.8336,0.8901,64,0.4195
1,0164,0.6612,0.2871,0.8336,0.8901,9,0.4073
1,0165,0.00996,0.3,0.1635,0.8575,64,0.6053
1,0165,0.00996,0.3,0.1635,0.8575,9,0.4845
1,0165,0.4079,0.2892,0.5942,0.8616,64,0.6
1,0165,0.4079,0.2892,0.5942,0.8616,9,0.4406
1,0165,0.1073,0.2426,0.3064,0.9009,64,0.5275
1,0165,0.6797,0.2746,0.8863,0.9049,64,0.5215
1,0165,0.6797,0.2746,0.8863,0.9049,9,0.4451
1,0165,0.2736,0.3249,0.4369,0.8736,64,0.464
1,0165,0.5398,0.3197,0.6659,0.8171,64,0.4591
1,0166,0.6754,0.2705,0.8994,0.9114,64,0.6723
1,0166,0.6754,0.2705,0.8994,0.9114,9,0.5026
1,0166,0.1077,0.2423,0.3078,0.9027,64,0.6184
1,0166,0.1077,0.2423,0.3078,0.9027,9,0.4074
1,0166,0.4067,0.2828,0.5831,0.8759,64,0.6016
1,0166,0.4067,0.2828,0.5831,0.8759,9,0.4178
1,0166,0.02711,0.2916,0.1787,0.8668,64,0.534
1,0166,0.5373,0.3166,0.6614,0.8205,64,0.4728
1,0166,0.2775,0.3207,0.4336,0.8763,64,0.4244
1,0167,0.1166,0.2416,0.3037,0.9016,64,0.6413
1,0167,0.1166,0.2416,0.3037,0.9016,9,0.5072
1,0167,0.4038,0.2789,0.5783,0.8717,64,0.6319
1,0167,0.4038,0.2789,0.5783,0.8717,9,0.5129
1,0167,0.02005,0.3013,0.1809,0.8627,64,0.5536
1,0167,0.02005,0.3013,0.1809,0.8627,9,0.4186
1,0167,0.6583,0.2733,0.8378,0.9081,64,0.5067
1,0167,0.6583,0.2733,0.8378,0.9081,9,0.411
1,0167,0.3048,0.3243,0.4409,0.8588,64,0.4626
1,0168,0.4022,0.2865,0.5716,0.867,64,0.6422
1,0168,0.4022,0.2865,0.5716,0.867,9,0.5153
1,0168,0.007828,0.302,0.1627,0.8524,64,0.625
1,0168,0.007828,0.302,0.1627,0.8524,9,0.5248
1,0168,0.1356,0.247,0.3045,0.8981,64,0.5889
1,0168,0.1356,0.247,0.3045,0.8981,9,0.4309
1,0168,0.5424,0.3256,0.682,0.7995,64,0.4943
1,0168,0.298,0.3363,0.444,0.8591,64,0.4847
1,0168,0.7129,0.2857,0.8965,0.8854,64,0.4326
1,0169,0.1193,0.2557,0.3073,0.9004,64,0.6727
1,0169,0.1193,0.2557,0.3073,0.9004,9,0.6039
1,0169,0.4066,0.2716,0.58,0.8688,64,0.6222
1,0169,0.4066,0.2716,0.58,0.8688,9,0.5137
1,0169,0.02267,0.3055,0.1677,0.848,64,0.492
1,0170,0.01208,0.3173,0.1657,0.8542,64,0.623
1,0170,0.01208,0.3173,0.1657,0.8542,9,0.4993
1,0170,0.103,0.2582,0.3051,0.8956,64,0.5844
1,0170,0.103,0.2582,0.3051,0.8956,9,0.4622
1,0170,0.2789,0.32,0.4442,0.8739,64,0.4766
1,0170,0.4073,0.2752,0.5839,0.8686,64,0.4688
1,0170,0.7037,0.2732,0.8982,0.8939,64,0.4474
1,0170,0.7037,0.2732,0.8982,0.8939,9,0.4198
1,0170,0.5349,0.329,0.6614,0.8017,64,0.417
1,0171,0.4028,0.2578,0.5638,0.8651,64,0.5606
1,0171,0.4028,0.2578,0.5638,0.8651,9,0.4401
1,0171,0.1347,0.2618,0.3065,0.907,64,0.5597
1,0171,0.6975,0.2749,0.9014,0.8965,64,0.5055
1,0171,0.282,0.3182,0.441,0.8732,64,0.4821
1,0171,0.02632,0.3129,0.1881,0.8747,64,0.4669
1,0171,0.539,0.3321,0.6813,0.7806,64,0.4361
1,0172,0.6872,0.2715,0.9019,0.9001,64,0.6496
1,0172,0.6872,0.2715,0.9019,0.9001,9,0.6144
1,0172,0.4084,0.2601,0.5568,0.8714,64,0.5539
1,0172,0.4084,0.2601,0.5568,0.8714,9,0.5238
1,0172,0.2651,0.3171,0.4402,0.8809,64,0.523
1,0172,0.2651,0.3171,0.4402,0.8809,9,0.4702
1,0172,0.1209,0.2678,0.2952,0.9009,64,0.5043
1,0172,0.1209,0.2678,0.2952,0.9009,9,0.4438
1,0172,0.02361,0.3165,0.1743,0.8673,64,0.4274
1,0172,0.5296,0.3381,0.6623,0.8033,64,0.4137
1,0173,0.4037,0.2567,0.5488,0.8701,64,0.5845
1,0173,0.4037,0.2567,0.5488,0.8701,9,0.5665
1,0173,0.01512,0.3088,0.1759,0.8602,64,0.5829
1,0173,0.01512,0.3088,0.1759,0.8602,9,0.4784
1,0173,0.1407,0.2557,0.3037,0.9059,64,0.5045
1,0173,0.1407,0.2557,0.3037,0.9059,9,0.4291
1,0173,0.6858,0.2877,0.8931,0.9036,64,0.5033
1,0173,0.6858,0.2877,0.8931,0.9036,9,0.4746
1,0173,0.2678,0.3299,0.4443,0.8762,64,0.4681
1,0174,0.01485,0.3042,0.1736,0.8579,64,0.5557
1,0174,0.01485,0.3042,0.1736,0.8579,9,0.5055
1,0174,0.1219,0.2672,0.3066,0.904,64,0.4932
1,0174,0.1219,0.2672,0.3066,0.904,9,0.4906
1,0174,0.386,0.2544,0.5402,0.8658,9,0.4613
1,0174,0.4112,0.2404,0.5496,0.8781,64,0.4414
1,0174,0.5301,0.3171,0.6621,0.8117,64,0.402
1,0175,0.00381,0.3348,0.1439,0.8557,64,0.619
1,0175,0.00381,0.3348,0.1439,0.8557,9,0.58
1,0175,0.5262,0.3208,0.667,0.8102,64,0.5194
1,0175,0.5262,0.3208,0.667,0.8102,9,0.4564
1,0175,0.6852,0.2926,0.8999,0.8959,64,0.4573
1,0175,0.6852,0.2926,0.8999,0.8959,9,0.4557
1,0175,0.4097,0.2279,0.5549,0.8735,64,0.4568
1,0176,0.5187,0.3193,0.6597,0.8151,64,0.5954
1,0176,0.5187,0.3193,0.6597,0.8151,9,0.4168
1,0176,0.683,0.308,0.9,0.905,64,0.537
1,0176,0.683,0.308,0.9,0.905,9,0.4398
1,0176,0.004811,0.3503,0.1597,0.866,64,0.5142
1,0176,0.2685,0.3146,0.444,0.8812,64,0.4918
1,0176,0.4154,0.2201,0.5538,0.8698,64,0.4689
1,0176,0.1278,0.3092,0.2953,0.8913,64,0.4342
1,0177,0.6749,0.3382,0.9041,0.9071,64,0.5161
1,0177,0.6749,0.3382,0.9041,0.9071,9,0.4742
1,0177,0.5135,0.3363,0.6637,0.828,64,0.472
1,0177,0.2585,0.3103,0.4603,0.868,64,0.4684
1,0178,0.5167,0.3196,0.6624,0.8177,64,0.5931
1,0178,0.5167,0.3196,0.6624,0.8177,9,0.4153
1,0178,0.6759,0.3696,0.8997,0.9106,64,0.5633
1,0178,0.6759,0.3696,0.8997,0.9106,9,0.4589
1,0178,0.2592,0.3258,0.4593,0.8707,64,0.547
1,0178,0.003322,0.4166,0.1379,0.8648,64,0.462
1,0178,0.4213,0.2313,0.5536,0.8409,64,0.4005
1,0179,0.6735,0.3971,0.8954,0.9225,64,0.5461
1,0179,0.6735,0.3971,0.8954,0.9225,9,0.4866
1,0179,0.5157,0.3258,0.6691,0.8284,64,0.4753
1,0179,0.004184,0.4251,0.1343,0.865,64,0.423
1,0179,0.004184,0.4251,0.1343,0.865,9,0.4152
1,0179,0.4089,0.2191,0.5552,0.8486,64,0.4152
1,0180,0.6689,0.4301,0.9068,0.9276,64,0.6101
1,0180,0.6689,0.4301,0.9068,0.9276,9,0.5553
1,0180,0.009289,0.4348,0.1437,0.8702,64,0.4295
1,0180,0.009289,0.4348,0.1437,0.8702,9,0.4028
1,0180,0.1059,0.4036,0.294,0.9154,64,0.4143
1,0180,0.5036,0.3479,0.6817,0.8208,64,0.4082
1,0181,0.6583,0.3943,0.8936,0.9075,64,0.6144
1,0181,0.6583,0.3943,0.8936,0.9075,9,0.4778
1,0181,0.5113,0.3361,0.6691,0.8269,64,0.5749
1,0181,0.5113,0.3361,0.6691,0.8269,9,0.4644
1,0181,0.4031,0.2124,0.5573,0.8595,64,0.5016
1,0181,0.4031,0.2124,0.5573,0.8595,9,0.4281
1,0181,0.2682,0.3105,0.4534,0.8834,64,0.4827
1,0182,0.663,0.4245,0.913,0.931,64,0.624
1,0182,0.663,0.4245,0.913,0.931,9,0.5622
1,0182,0.5065,0.3301,0.6681,0.8276,64,0.5625
1,0182,0.5065,0.3301,0.6681,0.8276,9,0.4929
1,0182,0.2669,0.3035,0.4621,0.8758,64,0.4511
1,0182,0.4016,0.2185,0.5617,0.8603,64,0.433
1,0182,0.009677,0.4289,0.145,0.8711,64,0.4185
1,0183,0.6746,0.4247,0.9095,0.9293,64,0.6331
1,0183,0.6746,0.4247,0.9095,0.9293,9,0.5841
1,0183,0.5114,0.3204,0.6673,0.8243,64,0.5316
1,0183,0.5114,0.3204,0.6673,0.8243,9,0.4561
1,0183,0.4089,0.2191,0.556,0.8641,64,0.4747
1,0183,0.003591,0.4461,0.1453,0.865,64,0.4316
1,0183,0.2623,0.3132,0.4591,0.8749,64,0.4278
1,0183,0.08994,0.3843,0.2895,0.9225,64,0.4072
1,0185,0.6833,0.4505,0.9104,0.9355,64,0.5707
1,0185,0.6833,0.4505,0.9104,0.9355,9,0.5268
1,0185,0.006171,0.4511,0.1363,0.8655,9,0.4307
1,0185,0.006171,0.4511,0.1363,0.8655,64,0.422
1,0185,0.0891,0.3953,0.2792,0.9252,64,0.4236
1,0186,0.6869,0.4494,0.9163,0.9403,64,0.51
1,0186,0.6869,0.4494,0.9163,0.9403,9,0.424
1,0186,0.5099,0.3276,0.6677,0.8292,64,0.4285
1,0186,0.5099,0.3276,0.6677,0.8292,9,0.4135
1,0186,0.08828,0.382,0.2785,0.9197,64,0.4241
1,0187,0.683,0.4512,0.9152,0.9372,64,0.5591
1,0187,0.683,0.4512,0.9152,0.9372,9,0.4679
1,0187,0.5082,0.3304,0.6697,0.8225,64,0.4738
1,0187,0.5082,0.3304,0.6697,0.8225,9,0.4015
1,0187,0.09178,0.3975,0.2694,0.9236,64,0.4655
1,0187,0.004532,0.4479,0.1332,0.8609,64,0.4652
1,0187,0.004532,0.4479,0.1332,0.8609,9,0.4565
1,0188,0.6859,0.4452,0.9113,0.9394,64,0.6741
1,0188,0.6859,0.4452,0.9113,0.9394,9,0.5651
1,0188,0.6859,0.4452,0.9113,0.9394,17,0.4095
1,0188,0.08942,0.3848,0.2708,0.923,64,0.5994
1,0188,0.08942,0.3848,0.2708,0.923,9,0.4537
1,0188,0.004719,0.4513,0.1363,0.8654,64,0.5754
1,0188,0.004719,0.4513,0.1363,0.8654,9,0.5145
1,0188,0.5122,0.324,0.6658,0.8079,64,0.5398
1,0188,0.5122,0.324,0.6658,0.8079,9,0.4298
1,0188,0.406,0.2186,0.5466,0.8592,64,0.4122
1,0189,0.09341,0.3791,0.2868,0.9312,9,0.4914
1,0189,0.09341,0.3791,0.2868,0.9312,64,0.4706
1,0189,0.6907,0.4604,0.9157,0.9458,64,0.4427
1,0190,0.1109,0.3755,0.2852,0.9407,9,0.5077
1,0190,0.1109,0.3755,0.2852,0.9407,64,0.4723
1,0190,0.00861,0.4535,0.1313,0.8702,9,0.4388
1,0190,0.00861,0.4535,0.1313,0.8702,64,0.4066
1,0190,0.6887,0.4519,0.915,0.9481,64,0.4366
1,0190,0.6887,0.4519,0.915,0.9481,9,0.4038
1,0191,0.109,0.3762,0.284,0.9332,64,0.5726
1,0191,0.109,0.3762,0.284,0.9332,9,0.5179
1,0191,0.5104,0.3093,0.6704,0.8302,64,0.4369
1,0191,0.3979,0.2144,0.546,0.8855,64,0.4294
1,0192,0.1112,0.3951,0.2843,0.9453,64,0.6346
1,0192,0.1112,0.3951,0.2843,0.9453,9,0.6158
1,0192,0.5094,0.312,0.6691,0.8202,64,0.5022
1,0192,0.5094,0.312,0.6691,0.8202,9,0.4665
1,0192,0.6887,0.4468,0.9209,0.9463,64,0.4718
1,0192,0.6887,0.4468,0.9209,0.9463,9,0.4373
1,0192,0.3859,0.2181,0.5454,0.8871,9,0.4534
1,0192,0.3859,0.2181,0.5454,0.8871,64,0.4033
1,0193,0.1043,0.3791,0.2799,0.9461,64,0.6906
1,0193,0.1043,0.3791,0.2799,0.9461,9,0.6477
1,0193,0.6952,0.436,0.9151,0.9531,64,0.5844
1,0193,0.6952,0.436,0.9151,0.9531,9,0.5405
1,0193,0.006508,0.4472,0.1296,0.8664,64,0.526
1,0193,0.006508,0.4472,0.1296,0.8664,9,0.5029
1,0193,0.5123,0.3045,0.6759,0.813,64,0.4715
1,0193,0.407,0.2166,0.5443,0.8789,9,0.4354
1,0193,0.407,0.2166,0.5443,0.8789,64,0.4083
1,0194,0.09011,0.3766,0.2873,0.9505,9,0.6419
1,0194,0.09011,0.3766,0.2873,0.9505,64,0.6332
1,0194,0.695,0.453,0.9178,0.9566,64,0.5505
1,0194,0.695,0.453,0.9178,0.9566,9,0.503
1,0194,0.5151,0.2982,0.6785,0.8138,64,0.4798
1,0194,0.5151,0.2982,0.6785,0.8138,9,0.4217
1,0194,0.3906,0.2118,0.5471,0.9039,9,0.4732
1,0194,0.3906,0.2118,0.5471,0.9039,64,0.4299
1,0194,0.007896,0.436,0.1312,0.883,64,0.4641
1,0194,0.007896,0.436,0.1312,0.883,9,0.4216
1,0195,0.09628,0.3786,0.2773,0.9495,9,0.7036
1,0195,0.09628,0.3786,0.2773,0.9495,64,0.6888
1,0195,0.008941,0.4503,0.124,0.8702,64,0.6192
1,0195,0.008941,0.4503,0.124,0.8702,9,0.6022
1,0195,0.6938,0.4473,0.92,0.9609,64,0.6187
1,0195,0.6938,0.4473,0.92,0.9609,9,0.5706
1,0195,0.387,0.2192,0.551,0.8974,9,0.5551
1,0195,0.387,0.2192,0.551,0.8974,64,0.4885
1,0195,0.5141,0.2988,0.6794,0.8158,64,0.5176
1,0195,0.5141,0.2988,0.6794,0.8158,9,0.4499
1,0196,0.09682,0.365,0.2758,0.9506,64,0.6907
1,0196,0.09682,0.365,0.2758,0.9506,9,0.6627
1,0196,0.5098,0.2904,0.6836,0.833,64,0.6262
1,0196,0.5098,0.2904,0.6836,0.833,9,0.5248
1,0196,0.693,0.4404,0.922,0.9633,64,0.5823
1,0196,0.693,0.4404,0.922,0.9633,9,0.458
1,0196,0.00626,0.4498,0.1261,0.8741,64,0.5494
1,0196,0.00626,0.4498,0.1261,0.8741,9,0.5288
1,0196,0.4074,0.2171,0.5435,0.8956,9,0.5174
1,0196,0.4074,0.2171,0.5435,0.8956,64,0.5032
1,0197,0.1063,0.3879,0.2741,0.9594,9,0.6337
1,0197,0.1063,0.3879,0.2741,0.9594,64,0.6213
1,0197,0.5091,0.2933,0.6835,0.8329,64,0.5462
1,0197,0.5091,0.2933,0.6835,0.8329,9,0.4676
1,0197,0.6954,0.442,0.924,0.9589,64,0.5367
1,0197,0.6954,0.442,0.924,0.9589,9,0.4812
1,0197,0.006767,0.4514,0.1237,0.8665,9,0.5312
1,0197,0.006767,0.4514,0.1237,0.8665,64,0.4929
1,0197,0.3921,0.2163,0.5428,0.8875,9,0.5186
1,0197,0.3921,0.2163,0.5428,0.8875,64,0.4569
1,0198,0.09511,0.3773,0.2698,0.9545,64,0.747
1,0198,0.09511,0.3773,0.2698,0.9545,9,0.7191
1,0198,0.7007,0.4399,0.9248,0.9652,64,0.7284
1,0198,0.7007,0.4399,0.9248,0.9652,9,0.6471
1,0198,0.7007,0.4399,0.9248,0.9652,17,0.4287
1,0198,0.006551,0.4532,0.1247,0.8734,64,0.6041
1,0198,0.006551,0.4532,0.1247,0.8734,9,0.5531
1,0198,0.5132,0.3028,0.6748,0.8081,64,0.5562
1,0198,0.5132,0.3028,0.6748,0.8081,9,0.4333
1,0198,0.3904,0.2046,0.5474,0.8969,64,0.4504
1,0198,0.3904,0.2046,0.5474,0.8969,9,0.4423
1,0199,0.08991,0.3694,0.2908,0.9634,9,0.6265
1,0199,0.08991,0.3694,0.2908,0.9634,64,0.6147
1,0199,0.7007,0.4649,0.9186,0.9616,64,0.6242
1,0199,0.7007,0.4649,0.9186,0.9616,9,0.573
1,0199,0.519,0.2949,0.672,0.8156,64,0.5868
1,0199,0.519,0.2949,0.672,0.8156,9,0.5725
1,0199,0.00832,0.445,0.1285,0.8817,64,0.56
1,0199,0.00832,0.445,0.1285,0.8817,9,0.5532
1,0199,0.4041,0.2205,0.5459,0.8821,9,0.5567
1,0199,0.4041,0.2205,0.5459,0.8821,64,0.5228
1,0200,0.09136,0.3812,0.2726,0.9597,9,0.6413
1,0200,0.09136,0.3812,0.2726,0.9597,64,0.6388
1,0200,0.7069,0.4595,0.923,0.9574,64,0.604
1,0200,0.7069,0.4595,0.923,0.9574,9,0.5273
1,0200,0.3871,0.2207,0.5493,0.8904,9,0.5415
1,0200,0.3871,0.2207,0.5493,0.8904,64,0.5391
1,0200,0.5198,0.2938,0.6686,0.812,64,0.5124
1,0200,0.5198,0.2938,0.6686,0.812,9,0.4849
1,0200,0.01134,0.4458,0.1297,0.8876,64,0.4965
1,0200,0.01134,0.4458,0.1297,0.8876,9,0.4402
1,0201,0.09394,0.3798,0.2795,0.9552,64,0.6415
1,0201,0.09394,0.3798,0.2795,0.9552,9,0.5966
1,0201,0.6971,0.453,0.9255,0.9637,11,0.5582
1,0201,0.6971,0.453,0.9255,0.9637,64,0.4782
1,0201,0.5121,0.2885,0.6788,0.8272,64,0.5139
1,0201,0.5121,0.2885,0.6788,0.8272,9,0.4326
1,0201,0.4025,0.2121,0.5439,0.8906,64,0.4663
1,0201,0.4025,0.2121,0.5439,0.8906,9,0.4492
1,0202,0.1054,0.3886,0.2695,0.9633,64,0.6361
1,0202,0.1054,0.3886,0.2695,0.9633,9,0.636
1,0202,0.7034,0.4479,0.9309,0.9589,64,0.5472
1,0202,0.7034,0.4479,0.9309,0.9589,9,0.4995
1,0202,0.3942,0.215,0.5472,0.9007,9,0.5248
1,0202,0.3942,0.215,0.5472,0.9007,64,0.482
1,0202,0.5192,0.2918,0.697,0.8278,64,0.4625
1,0202,0.008986,0.4574,0.1219,0.8716,9,0.4584
1,0202,0.008986,0.4574,0.1219,0.8716,64,0.4168
1,0202,0.5157,0.2879,0.6652,0.8102,9,0.4292
1,0203,0.08292,0.4018,0.257,0.9639,64,0.7373
1,0203,0.08292,0.4018,0.257,0.9639,9,0.7018
1,0203,0.08292,0.4018,0.257,0.9639,17,0.4091
1,0203,0.7041,0.461,0.9328,0.9657,64,0.6859
1,0203,0.7041,0.461,0.9328,0.9657,9,0.5235
1,0203,0.7041,0.461,0.9328,0.9657,17,0.4236
1,0203,0.397,0.2098,0.5501,0.8883,64,0.5352
1,0203,0.397,0.2098,0.5501,0.8883,9,0.5055
1,0203,0.397,0.2098,0.5501,0.8883,17,0.4136
1,0203,0.008957,0.4551,0.125,0.8835,64,0.5114
1,0203,0.008957,0.4551,0.125,0.8835,9,0.4641
1,0203,0.5202,0.2944,0.6714,0.7959,64,0.508
1,0204,0.1007,0.4134,0.2656,0.9513,64,0.6247
1,0204,0.1007,0.4134,0.2656,0.9513,9,0.6098
1,0204,0.006485,0.4643,0.1255,0.8803,9,0.5797
1,0204,0.006485,0.4643,0.1255,0.8803,64,0.5407
1,0204,0.7229,0.4679,0.934,0.9723,64,0.5772
1,0204,0.7229,0.4679,0.934,0.9723,9,0.5008
1,0204,0.3998,0.2317,0.5535,0.9093,9,0.5668
1,0204,0.3998,0.2317,0.5535,0.9093,64,0.5464
1,0204,0.5338,0.3001,0.6752,0.806,64,0.4531
1,0204,0.5338,0.3001,0.6752,0.806,9,0.4238
1,0205,0.0992,0.4032,0.2593,0.9578,64,0.7108
1,0205,0.0992,0.4032,0.2593,0.9578,9,0.6943
1,0205,0.7167,0.4368,0.9356,0.9737,64,0.7
1,0205,0.7167,0.4368,0.9356,0.9737,9,0.6342
1,0205,0.008155,0.4688,0.1187,0.8854,9,0.6626
1,0205,0.008155,0.4688,0.1187,0.8854,64,0.6607
1,0205,0.4004,0.2339,0.5553,0.9106,9,0.6005
1,0205,0.4004,0.2339,0.5553,0.9106,64,0.5939
1,0205,0.5333,0.2903,0.6672,0.7982,64,0.5365
1,0205,0.5333,0.2903,0.6672,0.7982,9,0.506
1,0206,0.7176,0.4673,0.9395,0.9771,64,0.6734
1,0206,0.7176,0.4673,0.9395,0.9771,9,0.5682
1,0206,0.1058,0.385,0.2711,0.9537,64,0.6575
1,0206,0.1058,0.385,0.2711,0.9537,9,0.5914
1,0206,0.4007,0.2277,0.554,0.9082,64,0.5966
1,0206,0.4007,0.2277,0.554,0.9082,9,0.5549
1,0206,0.5237,0.2805,0.6699,0.8098,64,0.5263
1,0206,0.5237,0.2805,0.6699,0.8098,9,0.4585
1,0206,0.01552,0.4567,0.1304,0.8943,64,0.4374
1,0206,0.01552,0.4567,0.1304,0.8943,9,0.4076
1,0207,0.3838,0.2509,0.5818,0.9566,64,0.6855
1,0207,0.3838,0.2509,0.5818,0.9566,9,0.6181
1,0207,0.7203,0.4463,0.9423,0.9666,64,0.6275
1,0207,0.7203,0.4463,0.9423,0.9666,9,0.539
1,0207,0.01639,0.4605,0.1246,0.9432,64,0.5247
1,0207,0.01639,0.4605,0.1246,0.9432,9,0.466
1,0207,0.09829,0.4013,0.2443,0.9628,64,0.5065
1,0207,0.3011,0.318,0.4066,0.8149,64,0.4343
1,0207,0.6129,0.35,0.743,0.8028,64,0.4205
1,0208,0.01024,0.4569,0.1179,0.9446,64,0.7356
1,0208,0.01024,0.4569,0.1179,0.9446,9,0.6245
1,0208,0.08337,0.3949,0.2324,0.9766,64,0.7154
1,0208,0.08337,0.3949,0.2324,0.9766,9,0.5691
1,0208,0.7108,0.4244,0.9442,0.9796,64,0.689
1,0208,0.7108,0.4244,0.9442,0.9796,9,0.5172
1,0208,0.3896,0.2377,0.592,0.9551,64,0.67
1,0208,0.3896,0.2377,0.592,0.9551,9,0.5259
1,0208,0.1904,0.3538,0.3759,0.9503,64,0.5116
1,0208,0.6368,0.3603,0.8296,0.9698,64,0.493
1,0209,0.3785,0.2539,0.6,0.977,64,0.6641
1,0209,0.3785,0.2539,0.6,0.977,9,0.5991
1,0209,0.01483,0.4552,0.1321,0.9531,9,0.5568
1,0209,0.01483,0.4552,0.1321,0.9531,64,0.5344
1,0209,0.6299,0.3817,0.8496,0.9726,64,0.516
1,0209,0.6056,0.3594,0.7792,0.9112,9,0.4595
1,0210,0.3773,0.2635,0.5825,0.9745,9,0.6315
1,0210,0.3773,0.2635,0.5825,0.9745,64,0.5918
1,0210,0.01597,0.4658,0.1331,0.9576,9,0.5476
1,0210,0.01597,0.4658,0.1331,0.9576,64,0.5324
1,0210,0.7348,0.4117,0.9645,0.981,64,0.4166
1,0211,0.3792,0.2749,0.5839,0.9797,64,0.5979
1,0211,0.3792,0.2749,0.5839,0.9797,9,0.5501
1,0212,0.379,0.2402,0.5968,0.9346,9,0.483
1,0212,0.379,0.2402,0.5968,0.9346,64,0.4611
1,0212,0.6371,0.372,0.852,0.9717,64,0.4094
1,0212,0.6371,0.372,0.852,0.9717,9,0.4062
1,0213,0.01187,0.4353,0.1216,0.9684,9,0.5055
1,0213,0.01187,0.4353,0.1216,0.9684,64,0.4795
1,0213,0.3657,0.2396,0.624,0.98,9,0.4821
1,0213,0.3657,0.2396,0.624,0.98,64,0.4723
1,0213,0.6154,0.3571,0.8227,0.9727,64,0.4637
1,0213,0.6154,0.3571,0.8227,0.9727,9,0.4443
1,0214,0.37,0.2455,0.6106,0.9372,9,0.4805
1,0214,0.37,0.2455,0.6106,0.9372,64,0.4197
1,0214,0.5832,0.3553,0.7995,0.9723,9,0.4181
1,0215,0.3645,0.2481,0.5971,0.973,9,0.7014
1,0215,0.3645,0.2481,0.5971,0.973,64,0.6396
1,0215,0.6017,0.35,0.8369,0.982,9,0.5659
1,0215,0.6017,0.35,0.8369,0.982,64,0.5129
1,0215,0.01466,0.4471,0.1171,0.9557,9,0.419
1,0216,0.3624,0.2391,0.5946,0.9533,9,0.6439
1,0216,0.3624,0.2391,0.5946,0.9533,64,0.6124
1,0216,0.6096,0.3394,0.8252,0.9667,9,0.4312
1,0216,0.6096,0.3394,0.8252,0.9667,64,0.4174
1,0217,0.357,0.238,0.5908,0.9559,9,0.664
1,0217,0.357,0.238,0.5908,0.9559,64,0.6639
1,0217,0.606,0.3417,0.8362,0.9817,9,0.4031
1,0217,0.606,0.3417,0.8362,0.9817,64,0.4031
1,0218,0.3587,0.2204,0.5959,0.9791,64,0.5659
1,0218,0.3587,0.2204,0.5959,0.9791,9,0.5467
1,0218,0.6049,0.3343,0.8312,0.9777,64,0.5196
1,0218,0.6049,0.3343,0.8312,0.9777,9,0.492
1,0218,0.6049,0.3343,0.8312,0.9777,17,0.4638
1,0219,0.3616,0.2225,0.5937,0.9664,9,0.6977
1,0219,0.3616,0.2225,0.5937,0.9664,64,0.5855
1,0219,0.6028,0.3571,0.857,0.9833,9,0.5888
1,0219,0.6028,0.3571,0.857,0.9833,64,0.5043
1,0220,0.3598,0.2273,0.5937,0.9811,9,0.6464
1,0220,0.3598,0.2273,0.5937,0.9811,64,0.5766
1,0220,0.3598,0.2273,0.5937,0.9811,4,0.4294
1,0221,0.3545,0.242,0.589,0.9549,64,0.6156
1,0221,0.3545,0.242,0.589,0.9549,9,0.5721
1,0222,0.353,0.2226,0.5993,0.9747,9,0.5962
1,0222,0.353,0.2226,0.5993,0.9747,64,0.4887
1,0222,0.353,0.2226,0.5993,0.9747,4,0.4471
1,0223,0.3515,0.1987,0.6019,0.9842,9,0.5237
1,0223,0.3515,0.1987,0.6019,0.9842,4,0.4782
1,0223,0.3515,0.1987,0.6019,0.9842,64,0.4749
1,0223,0.6284,0.3307,0.9119,0.9799,9,0.5028
1,0223,0.6284,0.3307,0.9119,0.9799,64,0.4494
1,0224,0.3555,0.2017,0.5938,0.9581,9,0.4248
1,0224,0.3555,0.2017,0.5938,0.9581,4,0.4214
1,0225,0.3621,0.1991,0.593,0.9694,9,0.5829
1,0225,0.3621,0.1991,0.593,0.9694,64,0.4663
1,0225,0.3621,0.1991,0.593,0.9694,4,0.4649
1,0226,0.3669,0.2181,0.5961,0.9645,9,0.5614
1,0226,0.3669,0.2181,0.5961,0.9645,64,0.4699
1,0227,0.3545,0.2082,0.6045,0.9746,9,0.6027
1,0227,0.3545,0.2082,0.6045,0.9746,64,0.5046
1,0227,0.3545,0.2082,0.6045,0.9746,4,0.4938
1,0228,0.3319,0.1702,0.6254,0.9702,9,0.4412
1,0228,0.3319,0.1702,0.6254,0.9702,4,0.4096
1,0228,0.3319,0.1702,0.6254,0.9702,64,0.4053
1,0228,0.6405,0.291,0.8994,0.9855,9,0.4374
1,0229,0.3565,0.187,0.6035,0.9537,9,0.486
1,0229,0.3565,0.187,0.6035,0.9537,64,0.4711
1,0230,0.3767,0.2034,0.5936,0.9769,9,0.5676
1,0230,0.3767,0.2034,0.5936,0.9769,64,0.467
1,0234,0.1115,0.3722,0.3365,0.9791,4,0.5089
1,0237,0.08232,0.3855,0.3131,0.9796,64,0.4363
1,0237,0.08232,0.3855,0.3131,0.9796,4,0.4291
1,0237,0.08232,0.3855,0.3131,0.9796,9,0.4091
1,0239,0.5829,0.3208,0.7095,0.8695,64,0.4351
1,0239,0.5829,0.3208,0.7095,0.8695,9,0.403
1,0239,0.4059,0.2154,0.5915,0.9518,64,0.4128
1,0242,0.7948,0.4564,0.9971,0.9701,4,0.426
1,0242,0.5728,0.3197,0.7047,0.8804,4,0.4248
1,0243,0.8004,0.4327,0.9992,0.9801,17,0.4897
1,0243,0.8004,0.4327,0.9992,0.9801,4,0.4697
1,0243,0.5644,0.3389,0.6942,0.8595,4,0.4783
1,0243,0.5644,0.3389,0.6942,0.8595,17,0.405
1,0244,0.7997,0.4718,0.9984,0.9772,4,0.4454
1,0245,0.356,0.2589,0.577,0.9383,64,0.6155
1,0245,0.356,0.2589,0.577,0.9383,9,0.4865
1,0245,0.356,0.2589,0.577,0.9383,4,0.4787
1,0245,0.0303,0.3387,0.2955,0.9414,64,0.4948
1,0245,0.7761,0.3915,0.9895,0.9728,64,0.4597
1,0245,0.7761,0.3915,0.9895,0.9728,9,0.4342
1,0246,0.0219,0.3241,0.3034,0.9507,64,0.4203
1,0246,0.368,0.2711,0.5421,0.9448,64,0.4142
1,0247,0.03382,0.2977,0.3139,0.9451,4,0.5005
1,0247,0.357,0.2862,0.483,0.9308,4,0.5003
1,0247,0.7839,0.3872,0.983,0.9765,4,0.4287
1,0248,0.03415,0.2715,0.3196,0.9695,4,0.6032
1,0248,0.03415,0.2715,0.3196,0.9695,17,0.4667
1,0248,0.03415,0.2715,0.3196,0.9695,64,0.4195
1,0248,0.7991,0.3716,0.9768,0.9777,17,0.5276
1,0248,0.7991,0.3716,0.9768,0.9777,4,0.4623
1,0248,0.3642,0.2614,0.4945,0.9259,17,0.4334
1,0249,0.0215,0.2604,0.315,0.9551,4,0.567
1,0249,0.3505,0.2777,0.5337,0.9426,4,0.4485
1,0250,0.3515,0.2784,0.4838,0.9477,4,0.5185
1,0250,0.3515,0.2784,0.4838,0.9477,64,0.426
1,0250,0.03646,0.2505,0.3309,0.9378,4,0.4505
1,0251,0.3525,0.28,0.4845,0.938,4,0.5937
1,0251,0.3525,0.28,0.4845,0.938,17,0.5509
1,0251,0.3525,0.28,0.4845,0.938,64,0.4474
1,0251,0.04739,0.2233,0.3411,0.9406,4,0.539
1,0252,0.06665,0.216,0.3433,0.9743,4,0.5672
1,0252,0.3456,0.2773,0.4877,0.9173,4,0.5342
1,0252,0.7272,0.2594,0.9349,0.976,4,0.4152
1,0253,0.07109,0.1979,0.3335,0.9754,4,0.7181
1,0253,0.07109,0.1979,0.3335,0.9754,17,0.4743
1,0253,0.7233,0.2384,0.9102,0.9666,4,0.5182
1,0253,0.3389,0.2683,0.4757,0.9042,4,0.515
1,0253,0.3389,0.2683,0.4757,0.9042,17,0.4266
1,0253,0.4383,0.3188,0.5711,0.8827,4,0.4983
1,0253,0.5523,0.3368,0.6514,0.7984,4,0.4475
1,0254,0.09972,0.1746,0.3274,0.9738,4,0.578
1,0254,0.09972,0.1746,0.3274,0.9738,17,0.4042
1,0254,0.3431,0.2704,0.4779,0.9272,4,0.5667
1,0254,0.3431,0.2704,0.4779,0.9272,17,0.5069
1,0254,0.4452,0.3144,0.5632,0.881,4,0.4552
1,0254,0.6709,0.2363,0.8838,0.9621,4,0.4456
1,0255,0.1104,0.1821,0.3422,0.9825,4,0.5448
1,0255,0.3432,0.2927,0.4873,0.9255,4,0.4506
1,0255,0.6624,0.2352,0.8884,0.9607,4,0.4118
1,0256,0.1076,0.1901,0.3368,0.9718,4,0.5791
1,0256,0.3412,0.3022,0.478,0.9157,4,0.5051
1,0256,0.7059,0.2326,0.8906,0.9538,4,0.4212
1,0257,0.1078,0.1702,0.3473,0.9686,4,0.7219
1,0257,0.1078,0.1702,0.3473,0.9686,64,0.4076
1,0257,0.3376,0.3077,0.4617,0.9068,4,0.5677
1,0257,0.4442,0.3164,0.5667,0.8821,4,0.4405
1,0257,0.7054,0.2368,0.8823,0.9471,4,0.4017
1,0258,0.1128,0.1748,0.3396,0.9719,17,0.6951
1,0258,0.1128,0.1748,0.3396,0.9719,4,0.667
1,0258,0.1128,0.1748,0.3396,0.9719,64,0.4001
1,0258,0.3419,0.3288,0.4681,0.8965,17,0.5313
1,0258,0.3419,0.3288,0.4681,0.8965,4,0.4882
1,0258,0.5552,0.332,0.6472,0.8289,17,0.4337
1,0258,0.4415,0.3148,0.562,0.8833,17,0.4288
1,0259,0.1174,0.1399,0.3367,0.9773,17,0.4633
1,0259,0.3292,0.3108,0.4889,0.9129,17,0.4218
1,0261,0.1162,0.1913,0.3484,0.9722,4,0.4251
1,0262,0.1149,0.1846,0.3542,0.9671,4,0.4848
1,0263,0.1246,0.2125,0.3419,0.9679,4,0.5143
1,0263,0.1246,0.2125,0.3419,0.9679,17,0.5074
1,0263,0.3374,0.3411,0.4625,0.8949,17,0.4235
1,0263,0.3374,0.3411,0.4625,0.8949,4,0.4011
1,0263,0.545,0.342,0.6574,0.8383,17,0.4041
1,0273,0.6684,0.2731,0.8626,0.8949,4,0.4344
1,0273,0.1575,0.2349,0.3415,0.9433,17,0.4111
1,0274,0.6742,0.2708,0.8632,0.9065,4,0.514
1,0274,0.6742,0.2708,0.8632,0.9065,17,0.4548
1,0274,0.5495,0.3451,0.6561,0.841,17,0.4006
1,0275,0.681,0.2722,0.8689,0.9327,4,0.4339
1,0278,0.6836,0.275,0.869,0.9139,4,0.4368
1,0279,0.6812,0.269,0.8668,0.9108,4,0.5645
1,0279,0.3419,0.3219,0.4483,0.8768,80,0.4711
1,0280,0.6885,0.2795,0.8646,0.9167,4,0.5102
1,0280,0.3396,0.3219,0.4426,0.878,80,0.4056
1,0281,0.6956,0.2803,0.8639,0.9152,4,0.4458
1,0282,0.5388,0.3483,0.6449,0.8218,80,0.4644
1,0282,0.164,0.2077,0.335,0.9248,4,0.463
1,0282,0.6955,0.2956,0.8666,0.915,4,0.4502
1,0283,0.6946,0.2874,0.8605,0.9002,4,0.5922
1,0283,0.6946,0.2874,0.8605,0.9002,17,0.4171
1,0283,0.1673,0.204,0.3403,0.9234,4,0.4796
1,0283,0.5341,0.3442,0.6496,0.8089,80,0.4682
1,0283,0.3481,0.3373,0.4541,0.8729,17,0.4279
1,0283,0.3481,0.3373,0.4541,0.8729,4,0.4107
1,0284,0.6986,0.2918,0.8488,0.8949,4,0.5435
1,0284,0.6986,0.2918,0.8488,0.8949,17,0.4026
1,0284,0.5364,0.3374,0.6518,0.8302,80,0.4722
1,0284,0.3492,0.3279,0.4525,0.88,17,0.4428
1,0285,0.5346,0.3427,0.6403,0.8178,80,0.5003
1,0285,0.1708,0.2109,0.3599,0.9179,4,0.4624
1,0285,0.6903,0.316,0.8391,0.9057,4,0.4296
1,0285,0.3454,0.3244,0.4511,0.8786,17,0.4159
1,0285,0.3454,0.3244,0.4511,0.8786,80,0.4009
1,0286,0.5324,0.3367,0.6572,0.8331,80,0.5302
1,0286,0.5324,0.3367,0.6572,0.8331,4,0.4529
1,0286,0.1666,0.2224,0.3413,0.9213,4,0.4233
1,0286,0.3429,0.3256,0.4535,0.873,4,0.4222
1,0286,0.3429,0.3256,0.4535,0.873,80,0.4096
1,0287,0.5336,0.3417,0.6404,0.8169,80,0.5127
1,0287,0.166,0.2283,0.3635,0.9194,4,0.4926
1,0287,0.3399,0.3414,0.4531,0.8685,4,0.4578
1,0288,0.5344,0.3366,0.6475,0.831,80,0.5113
1,0288,0.5344,0.3366,0.6475,0.831,17,0.4479
1,0288,0.1659,0.2351,0.3502,0.9154,4,0.4717
1,0288,0.1659,0.2351,0.3502,0.9154,17,0.4621
1,0288,0.3526,0.3405,0.4481,0.8766,17,0.4316
1,0289,0.5333,0.3325,0.6506,0.8219,80,0.5521
1,0289,0.5333,0.3325,0.6506,0.8219,17,0.4442
1,0289,0.3438,0.3323,0.4472,0.8741,17,0.4785
1,0289,0.3438,0.3323,0.4472,0.8741,80,0.4366
1,0289,0.1681,0.2548,0.3474,0.9127,4,0.4392
1,0289,0.6916,0.3254,0.8338,0.901,4,0.4175
1,0290,0.5299,0.3316,0.6446,0.8215,80,0.5401
1,0290,0.5299,0.3316,0.6446,0.8215,17,0.4427
1,0290,0.1664,0.2512,0.3498,0.9142,4,0.5154
1,0290,0.3342,0.3303,0.4456,0.8638,17,0.4732
1,0290,0.3342,0.3303,0.4456,0.8638,80,0.4385
1,0290,0.3342,0.3303,0.4456,0.8638,4,0.4032
1,0291,0.5242,0.3232,0.6363,0.8173,80,0.4955
1,0291,0.3449,0.3308,0.4435,0.8727,17,0.494
1,0291,0.3449,0.3308,0.4435,0.8727,80,0.4715
1,0291,0.534,0.3306,0.6554,0.8345,17,0.4018
1,0292,0.1674,0.2922,0.338,0.9121,4,0.5194
1,0292,0.1674,0.2922,0.338,0.9121,17,0.4557
1,0292,0.5341,0.3303,0.6446,0.8222,80,0.4738
1,0292,0.5341,0.3303,0.6446,0.8222,17,0.4166
1,0292,0.3381,0.3338,0.4446,0.8751,17,0.4639
1,0292,0.3381,0.3338,0.4446,0.8751,4,0.4394
1,0293,0.3415,0.3282,0.4437,0.8785,17,0.5747
1,0293,0.1634,0.3033,0.3423,0.9142,17,0.5679
1,0293,0.1634,0.3033,0.3423,0.9142,4,0.4647
1,0293,0.5353,0.3295,0.651,0.8248,17,0.5078
1,0293,0.5353,0.3295,0.651,0.8248,80,0.4207
1,0294,0.1717,0.3198,0.3455,0.9191,17,0.6379
1,0294,0.1717,0.3198,0.3455,0.9191,4,0.4403
1,0294,0.5294,0.3306,0.6416,0.8055,17,0.5848
1,0294,0.5294,0.3306,0.6416,0.8055,80,0.4956
1,0294,0.5294,0.3306,0.6416,0.8055,4,0.4356
1,0294,0.3289,0.329,0.4426,0.8682,17,0.5811
1,0294,0.4175,0.3334,0.5494,0.8947,17,0.4731
1,0294,0.6535,0.357,0.8189,0.8902,17,0.4117
1,0295,0.3276,0.3328,0.4462,0.8633,17,0.557
1,0295,0.1719,0.3141,0.3418,0.9152,17,0.5451
1,0295,0.1719,0.3141,0.3418,0.9152,4,0.4769
1,0295,0.5316,0.3321,0.6418,0.807,17,0.4971
1,0295,0.6645,0.366,0.825,0.8972,4,0.4117
1,0295,0.6645,0.366,0.825,0.8972,17,0.407
1,0296,0.3308,0.3349,0.4468,0.864,17,0.5201
1,0296,0.3308,0.3349,0.4468,0.864,4,0.4415
1,0296,0.3308,0.3349,0.4468,0.864,80,0.4372
1,0296,0.1721,0.3382,0.3453,0.9139,17,0.4955
1,0296,0.1721,0.3382,0.3453,0.9139,4,0.4335
1,0296,0.531,0.3345,0.6437,0.8017,17,0.4489
1,0297,0.165,0.3464,0.3414,0.915,17,0.5456
1,0297,0.165,0.3464,0.3414,0.915,4,0.4663
1,0297,0.325,0.3335,0.4452,0.8672,17,0.5359
1,0297,0.325,0.3335,0.4452,0.8672,4,0.4406
1,0297,0.5308,0.3375,0.6453,0.8084,17,0.4745
1,0297,0.5308,0.3375,0.6453,0.8084,4,0.4541
1,0298,0.1665,0.3711,0.3433,0.9122,17,0.6484
1,0298,0.3258,0.3313,0.4453,0.8558,17,0.5917
1,0298,0.532,0.3339,0.6453,0.8028,17,0.559
1,0298,0.4227,0.3295,0.5528,0.89,17,0.5069
1,0298,0.6489,0.3773,0.8182,0.8953,17,0.4599
1,0299,0.1562,0.387,0.3362,0.9184,17,0.5849
1,0299,0.1562,0.387,0.3362,0.9184,1,0.5613
1,0299,0.1562,0.387,0.3362,0.9184,4,0.48
1,0299,0.3245,0.3359,0.4513,0.8618,17,0.5046
1,0299,0.3245,0.3359,0.4513,0.8618,80,0.4041
1,0299,0.3245,0.3359,0.4513,0.8618,4,0.4017
1,0299,0.5346,0.3336,0.6419,0.8076,4,0.4472
1,0299,0.5346,0.3336,0.6419,0.8076,17,0.4409
1,0299,0.5346,0.3336,0.6419,0.8076,80,0.4036
1,0299,0.4195,0.3321,0.5538,0.8918,17,0.4367
1,0300,0.1546,0.3961,0.3301,0.9185,1,0.6158
1,0300,0.1546,0.3961,0.3301,0.9185,17,0.5245
1,0300,0.3307,0.3485,0.4516,0.8593,17,0.5042
1,0300,0.3307,0.3485,0.4516,0.8593,80,0.4584
1,0300,0.5334,0.3372,0.6446,0.7954,17,0.41
1,0301,0.3314,0.3538,0.449,0.867,80,0.4738
1,0301,0.3314,0.3538,0.449,0.867,17,0.4708
1,0301,0.1555,0.3849,0.3283,0.9198,1,0.4611
1,0301,0.1555,0.3849,0.3283,0.9198,17,0.4553
1,0302,0.1591,0.3939,0.3334,0.9166,17,0.5522
1,0302,0.1591,0.3939,0.3334,0.9166,4,0.4547
1,0302,0.3356,0.3539,0.4456,0.8643,17,0.5091
1,0302,0.3356,0.3539,0.4456,0.8643,80,0.4279
1,0303,0.3328,0.3541,0.4462,0.8797,17,0.6705
1,0303,0.3328,0.3541,0.4462,0.8797,4,0.4043
1,0303,0.1636,0.4207,0.334,0.9127,17,0.6477
1,0303,0.1636,0.4207,0.334,0.9127,4,0.4482
1,0303,0.5414,0.3331,0.6527,0.8276,17,0.515
1,0303,0.4236,0.3176,0.5547,0.9028,17,0.4853
1,0303,0.6956,0.4271,0.8262,0.9183,17,0.4643
1,0304,0.3301,0.3492,0.453,0.8845,17,0.706
1,0304,0.3301,0.3492,0.453,0.8845,80,0.4393
1,0304,0.3301,0.3492,0.453,0.8845,4,0.4049
1,0304,0.1682,0.4556,0.3286,0.9194,17,0.622
1,0304,0.1682,0.4556,0.3286,0.9194,1,0.4919
1,0304,0.539,0.3336,0.649,0.8065,17,0.5498
1,0304,0.4217,0.3149,0.5574,0.9031,17,0.5017
1,0304,0.6952,0.434,0.8289,0.9183,17,0.4559
1,0305,0.3351,0.3557,0.4498,0.8829,17,0.6123
1,0305,0.3351,0.3557,0.4498,0.8829,4,0.441
1,0305,0.3351,0.3557,0.4498,0.8829,80,0.4319
1,0305,0.1645,0.4626,0.3239,0.9237,17,0.5693
1,0305,0.1645,0.4626,0.3239,0.9237,1,0.4839
1,0305,0.5389,0.3323,0.6408,0.8159,17,0.499
1,0305,0.4225,0.3109,0.5604,0.9017,17,0.4763
1,0306,0.3346,0.3572,0.4473,0.8827,17,0.4853
1,0306,0.3346,0.3572,0.4473,0.8827,4,0.4834
1,0306,0.3346,0.3572,0.4473,0.8827,80,0.4465
1,0306,0.1651,0.4661,0.3165,0.9234,17,0.4722
1,0306,0.1651,0.4661,0.3165,0.9234,1,0.4239
1,0307,0.1648,0.5003,0.3153,0.9231,17,0.4852
1,0307,0.3335,0.3553,0.4428,0.881,17,0.4678
1,0307,0.3335,0.3553,0.4428,0.881,4,0.4209
1,0307,0.5373,0.3351,0.6382,0.8173,17,0.4308
1,0308,0.1653,0.5176,0.3161,0.9212,17,0.5895
1,0308,0.1653,0.5176,0.3161,0.9212,1,0.5614
1,0308,0.333,0.3537,0.443,0.8853,17,0.5381
1,0308,0.333,0.3537,0.443,0.8853,80,0.4199
1,0308,0.529,0.3278,0.6338,0.8121,17,0.4576
1,0309,0.3382,0.3501,0.4501,0.8902,17,0.4947
1,0309,0.3382,0.3501,0.4501,0.8902,80,0.4107
1,0309,0.1622,0.5236,0.3105,0.9265,17,0.475
1,0309,0.5358,0.3307,0.6454,0.821,17,0.4208
1,0309,0.5358,0.3307,0.6454,0.821,80,0.4021
1,0310,0.3382,0.3501,0.4476,0.8854,17,0.4969
1,0310,0.3382,0.3501,0.4476,0.8854,80,0.4573
1,0310,0.5387,0.3306,0.6437,0.8112,80,0.4689
1,0310,0.5387,0.3306,0.6437,0.8112,17,0.4379
1,0310,0.1593,0.5207,0.3116,0.9287,17,0.4617
1,0311,0.3359,0.3499,0.4495,0.8838,17,0.637
1,0311,0.3359,0.3499,0.4495,0.8838,80,0.4288
1,0311,0.1568,0.515,0.3056,0.931,17,0.5933
1,0311,0.5415,0.3342,0.6452,0.8083,17,0.5472
1,0311,0.5415,0.3342,0.6452,0.8083,80,0.4362
1,0311,0.6906,0.5068,0.8298,0.9376,17,0.4802
1,0311,0.4232,0.298,0.562,0.9065,17,0.47
1,0312,0.334,0.3498,0.4462,0.8884,17,0.6541
1,0312,0.334,0.3498,0.4462,0.8884,80,0.4023
1,0312,0.1567,0.5123,0.3071,0.9341,17,0.608
1,0312,0.5344,0.3343,0.6414,0.8072,17,0.5901
1,0312,0.6996,0.5025,0.8344,0.9337,17,0.4603
1,0312,0.4203,0.2993,0.5539,0.9073,17,0.4216
1,0313,0.3237,0.353,0.4453,0.8992,17,0.7099
1,0313,0.3237,0.353,0.4453,0.8992,4,0.4497
1,0313,0.3237,0.353,0.4453,0.8992,80,0.4108
1,0313,0.1582,0.5144,0.3065,0.9318,17,0.7043
1,0313,0.1582,0.5144,0.3065,0.9318,1,0.4262
1,0313,0.5298,0.3298,0.6415,0.8048,17,0.6787
1,0313,0.4227,0.3089,0.5534,0.9118,17,0.5078
1,0313,0.7108,0.5034,0.8367,0.9361,17,0.4908
1,0314,0.1567,0.5225,0.3,0.9355,17,0.5859
1,0314,0.5373,0.3304,0.6501,0.8218,17,0.5832
1,0314,0.5373,0.3304,0.6501,0.8218,80,0.4533
1,0314,0.3242,0.3503,0.4449,0.9041,17,0.5638
1,0314,0.3242,0.3503,0.4449,0.9041,80,0.438
1,0314,0.4204,0.3076,0.5576,0.9087,17,0.4316
1,0314,0.7138,0.4985,0.8359,0.9395,17,0.401
1,0315,0.5399,0.3303,0.6438,0.8216,17,0.6214
1,0315,0.5399,0.3303,0.6438,0.8216,80,0.5132
1,0315,0.3251,0.3472,0.4465,0.9036,17,0.6128
1,0315,0.3251,0.3472,0.4465,0.9036,80,0.5152
1,0315,0.3251,0.3472,0.4465,0.9036,4,0.4351
1,0315,0.1539,0.5175,0.3012,0.9378,17,0.5922
1,0315,0.1539,0.5175,0.3012,0.9378,1,0.4166
1,0315,0.4144,0.2956,0.5641,0.9219,17,0.5099
1,0315,0.7136,0.5063,0.8386,0.9521,17,0.4187
1,0316,0.3268,0.3463,0.4499,0.904,17,0.6402
1,0316,0.3268,0.3463,0.4499,0.904,80,0.4677
1,0316,0.155,0.5155,0.301,0.9391,17,0.6335
1,0316,0.155,0.5155,0.301,0.9391,1,0.439
1,0316,0.5435,0.3332,0.6472,0.8238,17,0.6107
1,0316,0.5435,0.3332,0.6472,0.8238,80,0.5241
1,0316,0.4184,0.2948,0.5582,0.9066,17,0.4626
1,0316,0.7199,0.5022,0.842,0.9527,17,0.4255
1,0317,0.5393,0.3287,0.6448,0.8251,17,0.7757
1,0317,0.5393,0.3287,0.6448,0.8251,80,0.4762
1,0317,0.154,0.5115,0.2985,0.9462,17,0.7533
1,0317,0.3289,0.3425,0.4492,0.907,17,0.7411
1,0317,0.3289,0.3425,0.4492,0.907,80,0.4213
1,0317,0.3289,0.3425,0.4492,0.907,4,0.4094
1,0317,0.4182,0.2937,0.5579,0.913,17,0.5859
1,0317,0.715,0.5063,0.8464,0.9383,17,0.5619
1,0318,0.326,0.3476,0.4478,0.9152,17,0.6173
1,0318,0.326,0.3476,0.4478,0.9152,80,0.4844
1,0318,0.326,0.3476,0.4478,0.9152,4,0.4037
1,0318,0.5327,0.3235,0.6586,0.8271,17,0.602
1,0318,0.5327,0.3235,0.6586,0.8271,80,0.4659
1,0318,0.1535,0.5088,0.3028,0.9467,17,0.5893
1,0318,0.1535,0.5088,0.3028,0.9467,1,0.4633
1,0319,0.537,0.3229,0.6606,0.8284,80,0.4912
1,0319,0.537,0.3229,0.6606,0.8284,17,0.4355
1,0319,0.3251,0.3427,0.4437,0.9142,80,0.4877
1,0319,0.3251,0.3427,0.4437,0.9142,17,0.4844
1,0319,0.1523,0.5152,0.3015,0.9479,1,0.476
1,0319,0.1523,0.5152,0.3015,0.9479,17,0.4569
1,0320,0.3241,0.3403,0.4435,0.9182,80,0.5467
1,0320,0.3241,0.3403,0.4435,0.9182,12,0.4577
1,0320,0.3241,0.3403,0.4435,0.9182,17,0.4364
1,0320,0.3241,0.3403,0.4435,0.9182,4,0.4019
1,0320,0.5375,0.3227,0.6564,0.8298,80,0.5054
1,0320,0.1482,0.5082,0.302,0.9551,1,0.4283
1,0321,0.3204,0.3428,0.4429,0.9166,17,0.5203
1,0321,0.3204,0.3428,0.4429,0.9166,80,0.4978
1,0321,0.3204,0.3428,0.4429,0.9166,4,0.4579
1,0321,0.5342,0.3248,0.6596,0.8268,80,0.5148
1,0321,0.5342,0.3248,0.6596,0.8268,17,0.467
1,0321,0.1466,0.495,0.3017,0.9542,17,0.4484
1,0321,0.1466,0.495,0.3017,0.9542,1,0.4394
1,0322,0.5319,0.3234,0.6641,0.8359,17,0.512
1,0322,0.5319,0.3234,0.6641,0.8359,80,0.5053
1,0322,0.1435,0.4812,0.2977,0.9581,17,0.4778
1,0322,0.3142,0.3442,0.4408,0.9143,17,0.4637
1,0322,0.3083,0.3237,0.4609,0.9066,4,0.4636
1,0323,0.5319,0.3211,0.6698,0.8428,80,0.4536
1,0323,0.1401,0.4764,0.3038,0.9559,1,0.4501
1,0323,0.1401,0.4764,0.3038,0.9559,17,0.422
1,0324,0.3176,0.3379,0.4426,0.9206,80,0.4469
1,0324,0.5361,0.3229,0.683,0.8317,80,0.4318
1,0324,0.5361,0.3229,0.683,0.8317,17,0.4199
1,0324,0.133,0.482,0.2905,0.9695,1,0.4058
1,0325,0.3175,0.3361,0.4446,0.9234,80,0.5285
1,0325,0.3175,0.3361,0.4446,0.9234,4,0.4255
1,0325,0.5311,0.3213,0.6757,0.8353,80,0.5223
1,0325,0.5311,0.3213,0.6757,0.8353,4,0.4523
1,0325,0.5311,0.3213,0.6757,0.8353,17,0.4019
1,0326,0.3182,0.3329,0.4431,0.9308,4,0.5234
1,0326,0.3182,0.3329,0.4431,0.9308,80,0.509
1,0326,0.3182,0.3329,0.4431,0.9308,17,0.483
1,0326,0.5327,0.3245,0.6735,0.8305,17,0.4735
1,0326,0.5327,0.3245,0.6735,0.8305,80,0.4566
1,0326,0.5327,0.3245,0.6735,0.8305,4,0.4131
1,0326,0.137,0.4797,0.2931,0.9643,17,0.417
1,0327,0.3179,0.3281,0.4466,0.9342,4,0.5359
1,0327,0.3179,0.3281,0.4466,0.9342,17,0.4811
1,0327,0.3179,0.3281,0.4466,0.9342,80,0.4738
1,0327,0.5339,0.3189,0.6731,0.8343,17,0.4537
1,0327,0.5339,0.3189,0.6731,0.8343,80,0.4456
1,0327,0.1248,0.4625,0.2846,0.9755,17,0.4247
1,0328,0.3174,0.3298,0.4425,0.9409,4,0.5235
1,0328,0.3174,0.3298,0.4425,0.9409,80,0.4937
1,0328,0.3174,0.3298,0.4425,0.9409,17,0.4229
1,0328,0.3174,0.3298,0.4425,0.9409,12,0.4037
1,0328,0.5359,0.317,0.6782,0.8395,80,0.436
1,0329,0.3131,0.3304,0.4428,0.9341,17,0.4776
1,0329,0.3131,0.3304,0.4428,0.9341,80,0.4481
1,0329,0.3131,0.3304,0.4428,0.9341,4,0.4225
1,0330,0.3112,0.3244,0.4484,0.9357,4,0.56
1,0330,0.3112,0.3244,0.4484,0.9357,80,0.5407
1,0330,0.3112,0.3244,0.4484,0.9357,17,0.513
1,0330,0.5337,0.318,0.6827,0.8467,80,0.4432
1,0330,0.5337,0.318,0.6827,0.8467,4,0.428
1,0331,0.3151,0.3195,0.4395,0.9377,17,0.6109
1,0331,0.3151,0.3195,0.4395,0.9377,80,0.502
1,0331,0.3151,0.3195,0.4395,0.9377,4,0.4989
1,0331,0.535,0.3136,0.6807,0.8335,17,0.515
1,0331,0.535,0.3136,0.6807,0.8335,4,0.45
1,0331,0.535,0.3136,0.6807,0.8335,80,0.4147
1,0331,0.4165,0.2771,0.5681,0.9444,17,0.4924
1,0331,0.1072,0.4691,0.2748,0.9872,17,0.4633
1,0332,0.315,0.3177,0.4578,0.9452,4,0.592
1,0332,0.315,0.3177,0.4578,0.9452,17,0.5722
1,0332,0.315,0.3177,0.4578,0.9452,80,0.4089
1,0332,0.5392,0.3012,0.6688,0.838,17,0.5334
1,0332,0.5392,0.3012,0.6688,0.838,80,0.4542
1,0332,0.5392,0.3012,0.6688,0.838,4,0.4117
1,0332,0.4221,0.2644,0.5756,0.9731,17,0.4846
1,0332,0.1065,0.4792,0.2708,0.9905,17,0.4698
1,0333,0.3163,0.2906,0.4627,0.9482,17,0.6067
1,0333,0.3163,0.2906,0.4627,0.9482,4,0.5123
1,0333,0.3163,0.2906,0.4627,0.9482,80,0.4443
1,0333,0.5404,0.298,0.6685,0.8531,17,0.58
1,0333,0.5404,0.298,0.6685,0.8531,80,0.4761
1,0333,0.1035,0.487,0.2725,0.995,17,0.4493
1,0333,0.1035,0.487,0.2725,0.995,1,0.4198
1,0333,0.4181,0.264,0.5794,0.9748,17,0.4307
1,0334,0.3106,0.2781,0.4374,0.961,17,0.5032
1,0334,0.3106,0.2781,0.4374,0.961,4,0.4656
1,0334,0.417,0.2293,0.5931,0.963,17,0.4414
1,0334,0.09824,0.4926,0.2665,0.9978,17,0.4201
1,0335,0.3118,0.2787,0.4518,0.9566,4,0.5876
1,0335,0.3118,0.2787,0.4518,0.9566,17,0.5789
1,0335,0.4113,0.2362,0.5765,0.9502,17,0.561
1,0335,0.09512,0.4966,0.2723,1.0,1,0.5127
1,0335,0.09512,0.4966,0.2723,1.0,17,0.466
1,0335,0.5437,0.3031,0.6687,0.8552,17,0.5058
1,0335,0.3001,0.2945,0.4296,0.9642,80,0.4122
1,0336,0.3034,0.2667,0.4325,0.9673,17,0.6422
1,0336,0.3034,0.2667,0.4325,0.9673,4,0.4973
1,0336,0.4193,0.2319,0.5703,0.9445,17,0.5871
1,0336,0.5485,0.2927,0.6726,0.8464,17,0.5805
1,0336,0.09226,0.4998,0.2682,1.0,17,0.5425
1,0337,0.2989,0.2515,0.4289,0.968,4,0.5749
1,0337,0.2989,0.2515,0.4289,0.968,17,0.5583
1,0337,0.5575,0.2825,0.6746,0.8467,17,0.5371
1,0337,0.5575,0.2825,0.6746,0.8467,80,0.4319
1,0337,0.4134,0.2273,0.581,0.956,17,0.5236
1,0337,0.0927,0.5043,0.2657,1.0,17,0.513
1,0338,0.2999,0.2714,0.4247,0.9622,4,0.4511
1,0338,0.2999,0.2714,0.4247,0.9622,80,0.4491
1,0338,0.5665,0.269,0.677,0.8508,80,0.4002
1,0339,0.2939,0.2967,0.4211,0.9701,80,0.4949
1,0339,0.2939,0.2967,0.4211,0.9701,17,0.4538
1,0339,0.2939,0.2967,0.4211,0.9701,12,0.4085
1,0339,0.7346,0.5093,0.9064,0.9834,1,0.4582
1,0340,0.2894,0.2694,0.4251,0.9747,17,0.6217
1,0340,0.2894,0.2694,0.4251,0.9747,80,0.5289
1,0340,0.2894,0.2694,0.4251,0.9747,12,0.4826
1,0340,0.4118,0.2216,0.5837,0.9672,17,0.5041
1,0340,0.4118,0.2216,0.5837,0.9672,4,0.4142
1,0340,0.07838,0.5105,0.2628,1.0,17,0.4029
1,0341,0.2941,0.2604,0.4227,0.9785,17,0.7632
1,0341,0.2941,0.2604,0.4227,0.9785,80,0.4264
1,0341,0.2941,0.2604,0.4227,0.9785,12,0.4168
1,0341,0.2941,0.2604,0.4227,0.9785,4,0.408
1,0341,0.4062,0.2276,0.5805,0.9698,17,0.5699
1,0341,0.07082,0.5035,0.2589,1.0,17,0.5245
1,0341,0.5678,0.2716,0.6785,0.8728,17,0.5128
1,0341,0.7579,0.5069,0.9168,0.9877,17,0.4375
1,0342,0.2936,0.2726,0.4318,0.9781,17,0.6327
1,0342,0.2936,0.2726,0.4318,0.9781,4,0.5161
1,0342,0.419,0.2259,0.5842,0.9684,17,0.5319
1,0342,0.06905,0.5043,0.2555,1.0,17,0.4635
1,0342,0.5706,0.2774,0.6803,0.869,17,0.4475
1,0343,0.2922,0.2887,0.4205,0.979,17,0.6388
1,0343,0.2922,0.2887,0.4205,0.979,4,0.5136
1,0343,0.06289,0.4907,0.2592,1.0,17,0.4874
1,0343,0.4155,0.2264,0.5942,0.9772,17,0.4466
1,0344,0.2914,0.2622,0.421,0.9827,17,0.7027
1,0344,0.2914,0.2622,0.421,0.9827,80,0.5267
1,0344,0.2914,0.2622,0.421,0.9827,12,0.5005
1,0344,0.4067,0.2232,0.5887,0.972,17,0.5813
1,0344,0.05741,0.5005,0.2527,1.0,17,0.507
1,0345,0.2871,0.2577,0.4233,0.9891,17,0.6691
1,0345,0.2871,0.2577,0.4233,0.9891,80,0.5633
1,0345,0.2871,0.2577,0.4233,0.9891,12,0.4426
1,0345,0.2871,0.2577,0.4233,0.9891,4,0.404
1,0345,0.4085,0.2175,0.5935,0.9756,17,0.6055
1,0345,0.4085,0.2175,0.5935,0.9756,4,0.4837
1,0345,0.05489,0.5015,0.2533,1.0,17,0.4765
1,0346,0.2903,0.2445,0.4215,0.9902,17,0.7545
1,0346,0.2903,0.2445,0.4215,0.9902,80,0.4265
1,0346,0.05232,0.488,0.2509,1.0,17,0.6129
1,0346,0.41,0.2257,0.5936,0.9751,17,0.6099
1,0346,0.5708,0.2772,0.688,0.8923,17,0.5303
1,0346,0.7608,0.5062,0.9348,0.9893,17,0.4761
1,0347,0.2919,0.2679,0.4178,0.9886,17,0.574
1,0347,0.05373,0.4797,0.2507,1.0,17,0.5523
1,0347,0.4104,0.2246,0.5876,0.9676,17,0.542
1,0347,0.5765,0.289,0.6803,0.5875,17,0.4336
1,0347,0.7548,0.5076,0.9459,0.9898,17,0.4225
1,0348,0.2929,0.2588,0.4205,0.9942,17,0.4504
1,0349,0.2908,0.2488,0.4221,0.9928,17,0.5623
1,0349,0.2908,0.2488,0.4221,0.9928,80,0.4906
1,0349,0.2908,0.2488,0.4221,0.9928,12,0.4797
1,0349,0.4118,0.2164,0.5833,0.9761,17,0.4449
1,0349,0.04821,0.4754,0.2542,1.0,17,0.4127
1,0350,0.2906,0.2415,0.4284,0.9888,17,0.6019
1,0350,0.2906,0.2415,0.4284,0.9888,80,0.5696
1,0350,0.2906,0.2415,0.4284,0.9888,12,0.5515
1,0350,0.4172,0.2102,0.5885,0.9764,4,0.4588
1,0350,0.4172,0.2102,0.5885,0.9764,17,0.418
1,0350,0.5722,0.2458,0.7012,0.9547,80,0.4284
1,0350,0.04133,0.4477,0.2427,1.0,17,0.4234
1,0351,0.2918,0.2201,0.4278,0.9885,17,0.7485
1,0351,0.2918,0.2201,0.4278,0.9885,12,0.5322
1,0351,0.2918,0.2201,0.4278,0.9885,80,0.4939
1,0351,0.4109,0.2302,0.5862,0.9736,17,0.5516
1,0351,0.4109,0.2302,0.5862,0.9736,4,0.467
1,0351,0.03673,0.4386,0.2371,1.0,17,0.522
1,0351,0.5761,0.2537,0.7018,0.9306,17,0.492
1,0351,0.5761,0.2537,0.7018,0.9306,80,0.4549
1,0352,0.2932,0.2274,0.4303,0.991,17,0.6508
1,0352,0.2932,0.2274,0.4303,0.991,80,0.4242
1,0352,0.42,0.2232,0.5884,0.9797,17,0.5217
1,0352,0.42,0.2232,0.5884,0.9797,4,0.5007
1,0352,0.03456,0.4386,0.2334,1.0,17,0.4173
1,0353,0.2908,0.1669,0.4265,0.9967,17,0.5227
1,0353,0.2908,0.1669,0.4265,0.9967,80,0.4243
1,0353,0.4117,0.2219,0.5946,0.9819,4,0.4978
1,0353,0.03432,0.434,0.239,1.0,4,0.4678
1,0354,0.2908,0.1717,0.4315,0.9924,17,0.5594
1,0354,0.2908,0.1717,0.4315,0.9924,80,0.4945
1,0354,0.4184,0.2117,0.5978,0.9832,17,0.5016
1,0354,0.4184,0.2117,0.5978,0.9832,4,0.4742
1,0354,0.0335,0.423,0.239,1.0,4,0.4513
1,0354,0.0335,0.423,0.239,1.0,17,0.4341
1,0355,0.2897,0.2021,0.4263,0.9947,80,0.55
1,0355,0.2897,0.2021,0.4263,0.9947,17,0.5339
1,0355,0.2897,0.2021,0.4263,0.9947,12,0.4585
1,0355,0.4148,0.2067,0.5963,0.9826,17,0.4932
1,0355,0.4148,0.2067,0.5963,0.9826,4,0.426
1,0355,0.02926,0.4126,0.2424,1.0,17,0.458
1,0355,0.02926,0.4126,0.2424,1.0,4,0.4565
1,0356,0.2882,0.187,0.432,0.9911,17,0.7051
1,0356,0.2882,0.187,0.432,0.9911,12,0.5785
1,0356,0.2882,0.187,0.432,0.9911,80,0.4625
1,0356,0.4179,0.1912,0.6114,0.9803,17,0.595
1,0356,0.02662,0.4202,0.2383,1.0,17,0.574
1,0356,0.5821,0.2107,0.7198,0.9405,17,0.4464
1,0357,0.2886,0.1943,0.4342,0.995,17,0.5943
1,0357,0.2886,0.1943,0.4342,0.995,12,0.4554
1,0357,0.2886,0.1943,0.4342,0.995,80,0.4068
1,0357,0.4201,0.206,0.5924,0.9791,17,0.5504
1,0357,0.4201,0.206,0.5924,0.9791,4,0.4725
1,0357,0.02717,0.4181,0.2383,1.0,17,0.5095
1,0357,0.02717,0.4181,0.2383,1.0,4,0.4584
1,0358,0.2857,0.1569,0.435,0.994,12,0.5655
1,0358,0.2857,0.1569,0.435,0.994,80,0.4775
1,0358,0.2857,0.1569,0.435,0.994,17,0.4677
1,0358,0.02454,0.4133,0.2419,1.0,4,0.415
1,0358,0.4142,0.2144,0.6004,0.9814,4,0.4003
1,0359,0.4174,0.2406,0.5866,0.9923,17,0.5984
1,0359,0.2857,0.175,0.4348,0.9925,17,0.5648
1,0359,0.2857,0.175,0.4348,0.9925,12,0.5227
1,0359,0.2857,0.175,0.4348,0.9925,80,0.448
1,0359,0.01985,0.4109,0.2441,0.9991,17,0.447
1,0359,0.01985,0.4109,0.2441,0.9991,4,0.4164
1,0360,0.4182,0.2009,0.5909,0.9875,17,0.5599
1,0360,0.2845,0.1673,0.4305,0.9959,17,0.5261
1,0360,0.2845,0.1673,0.4305,0.9959,12,0.5112
1,0360,0.2845,0.1673,0.4305,0.9959,80,0.462
1,0360,0.02162,0.41,0.2447,1.0,17,0.5145
1,0361,0.4137,0.2007,0.5999,0.9881,17,0.6848
1,0361,0.4137,0.2007,0.5999,0.9881,4,0.4876
1,0361,0.4137,0.2007,0.5999,0.9881,80,0.4035
1,0361,0.287,0.1706,0.4375,0.994,17,0.6833
1,0361,0.287,0.1706,0.4375,0.994,12,0.5184
1,0361,0.287,0.1706,0.4375,0.994,80,0.4151
1,0361,0.5888,0.1931,0.7288,0.95,17,0.5726
1,0361,0.5888,0.1931,0.7288,0.95,12,0.486
1,0361,0.02072,0.4106,0.2349,1.0,17,0.5644
1,0361,0.02072,0.4106,0.2349,1.0,4,0.4917
1,0361,0.7946,0.4347,0.9773,0.9963,17,0.4478
1,0362,0.4176,0.2033,0.5968,0.9903,17,0.5666
1,0362,0.4176,0.2033,0.5968,0.9903,4,0.47
1,0362,0.4176,0.2033,0.5968,0.9903,80,0.4455
1,0362,0.2818,0.1533,0.4382,0.9934,17,0.514
1,0362,0.2818,0.1533,0.4382,0.9934,80,0.4413
1,0362,0.2818,0.1533,0.4382,0.9934,12,0.4261
1,0362,0.02183,0.4049,0.2344,1.0,4,0.4782
1,0362,0.02183,0.4049,0.2344,1.0,17,0.4667
1,0363,0.02342,0.3975,0.2393,1.0,4,0.5115
1,0363,0.02342,0.3975,0.2393,1.0,17,0.4487
1,0363,0.4214,0.2133,0.6063,0.9928,17,0.4558
1,0363,0.4214,0.2133,0.6063,0.9928,4,0.4476
1,0363,0.4214,0.2133,0.6063,0.9928,80,0.4254
1,0363,0.2841,0.1014,0.4344,1.0,17,0.4107
1,0363,0.2841,0.1014,0.4344,1.0,80,0.4005
1,0364,0.4255,0.2143,0.6085,0.9922,17,0.5814
1,0364,0.4255,0.2143,0.6085,0.9922,4,0.4856
1,0364,0.01871,0.3832,0.2344,1.0,4,0.5557
1,0364,0.01871,0.3832,0.2344,1.0,17,0.4677
1,0364,0.2849,0.1162,0.4369,1.0,17,0.4229
1,0365,0.4134,0.1956,0.6011,0.9872,17,0.6158
1,0365,0.4134,0.1956,0.6011,0.9872,4,0.4304
1,0365,0.021,0.3611,0.2369,1.0,17,0.4855
1,0365,0.021,0.3611,0.2369,1.0,4,0.4079
1,0366,0.4155,0.2086,0.5985,0.9882,17,0.5925
1,0366,0.4155,0.2086,0.5985,0.9882,4,0.4139
1,0366,0.02038,0.3567,0.2361,1.0,17,0.4837
1,0366,0.02038,0.3567,0.2361,1.0,4,0.4574
1,0366,0.2867,0.1425,0.4419,0.9962,17,0.4366
1,0367,0.02194,0.3196,0.2278,1.0,4,0.5794
1,0367,0.02194,0.3196,0.2278,1.0,17,0.5038
1,0367,0.4228,0.2039,0.596,0.9857,17,0.4766
1,0367,0.4228,0.2039,0.596,0.9857,4,0.4303
1,0367,0.2849,0.1336,0.4408,0.9986,80,0.4609
1,0367,0.2849,0.1336,0.4408,0.9986,17,0.449
1,0367,0.2849,0.1336,0.4408,0.9986,12,0.4122
1,0368,0.2823,0.17,0.441,1.0,12,0.6349
1,0368,0.2823,0.17,0.441,1.0,80,0.5335
1,0368,0.0175,0.221,0.222,0.9995,4,0.4998
1,0369,0.282,0.1421,0.4466,1.0,12,0.4995
1,0369,0.282,0.1421,0.4466,1.0,80,0.4013
1,0369,0.007836,0.1508,0.2209,0.9888,4,0.4873
1,0369,0.4161,0.1988,0.5982,0.9966,4,0.4382
1,0369,0.4161,0.1988,0.5982,0.9966,17,0.42
1,0370,0.408,0.1807,0.6087,0.9895,4,0.5077
1,0370,0.408,0.1807,0.6087,0.9895,17,0.4744
1,0370,0.7998,0.2232,0.9894,0.9916,4,0.4124
1,0370,0.01528,0.1387,0.2451,0.9764,4,0.4072
1,0370,0.2823,0.1349,0.4462,1.0,80,0.4003
1,0371,0.4039,0.1915,0.6016,0.9924,4,0.6563
1,0371,0.4039,0.1915,0.6016,0.9924,17,0.5121
1,0371,0.4039,0.1915,0.6016,0.9924,77,0.4629
1,0371,0.01196,0.09802,0.2249,0.9897,4,0.5875
1,0371,0.5794,0.1634,0.7439,0.9673,4,0.5233
1,0371,0.8006,0.1975,0.9802,0.9902,4,0.4885
1,0371,0.275,0.1102,0.4469,1.0,17,0.4737
1,0371,0.275,0.1102,0.4469,1.0,4,0.469
1,0371,0.275,0.1102,0.4469,1.0,80,0.4107
1,0372,0.4243,0.1923,0.6396,0.9863,4,0.6552
1,0372,0.007011,0.07984,0.2368,0.9911,4,0.6443
1,0372,0.7912,0.1613,0.9762,0.9915,4,0.5073
1,0372,0.2786,0.1227,0.445,1.0,4,0.4731
1,0372,0.2786,0.1227,0.445,1.0,80,0.4384
1,0373,0.005526,0.09421,0.2345,0.9726,4,0.6611
1,0373,0.4342,0.2005,0.6222,0.994,4,0.4953
1,0373,0.2807,0.1213,0.4384,0.9984,12,0.4883
1,0373,0.2807,0.1213,0.4384,0.9984,4,0.4206
1,0373,0.2807,0.1213,0.4384,0.9984,80,0.4197
1,0374,0.005821,0.08012,0.2214,0.9526,4,0.5178
1,0374,0.2857,0.1344,0.4356,0.9965,80,0.463
1,0374,0.2857,0.1344,0.4356,0.9965,12,0.4625
1,0374,0.4322,0.1949,0.6232,0.9935,4,0.4131
1,0375,0.4159,0.169,0.612,0.9893,4,0.5602
1,0375,0.4159,0.169,0.612,0.9893,17,0.4077
1,0375,0.006429,0.06471,0.2366,0.9711,4,0.5016
1,0375,0.2863,0.1085,0.434,0.9995,80,0.4573
1,0376,0.4179,0.14,0.6453,0.9704,4,0.6222
1,0376,0.4036,0.1739,0.6077,0.9905,17,0.5291
1,0376,0.4036,0.1739,0.6077,0.9905,77,0.4064
1,0376,0.2664,0.1114,0.4514,0.9925,17,0.4899
1,0377,0.4294,0.1845,0.6435,0.9897,4,0.6375
1,0377,0.01125,0.09934,0.2503,0.9952,4,0.5055
1,0377,0.2823,0.177,0.4349,0.992,80,0.4738
1,0378,0.2818,0.1939,0.4386,0.9883,80,0.5865
1,0378,0.2818,0.1939,0.4386,0.9883,12,0.5161
1,0378,0.4272,0.1675,0.6275,0.9917,4,0.5062
1,0379,0.4264,0.1543,0.6204,0.9962,4,0.5171
1,0379,0.1463,0.1786,0.3282,0.9816,80,0.4629
1,0379,0.1463,0.1786,0.3282,0.9816,12,0.4108
1,0379,0.5803,0.09273,0.7756,0.9807,4,0.4239
1,0379,0.2972,0.2214,0.4413,0.9745,80,0.4116
1,0380,0.1422,0.169,0.3305,0.984,80,0.4451
1,0380,0.3901,0.1068,0.6087,0.9922,12,0.4313
1,0380,0.4204,0.1169,0.6317,0.9931,4,0.4306
1,0381,0.121,0.1403,0.3595,0.9669,80,0.5152
1,0381,0.121,0.1403,0.3595,0.9669,12,0.4757
1,0381,0.121,0.1403,0.3595,0.9669,17,0.4753
1,0381,0.121,0.1403,0.3595,0.9669,77,0.4389
1,0381,0.121,0.1403,0.3595,0.9669,4,0.4044
1,0381,0.3855,0.1122,0.6255,0.984,12,0.5096
1,0381,0.3855,0.1122,0.6255,0.984,77,0.4793
1,0381,0.3855,0.1122,0.6255,0.984,17,0.4261
1,0381,0.3855,0.1122,0.6255,0.984,4,0.4224
1,0381,0.7341,0.1893,0.9737,0.9774,4,0.4051
1,0382,0.1201,0.1484,0.3621,0.9802,80,0.5553
1,0382,0.1201,0.1484,0.3621,0.9802,12,0.4747
1,0382,0.1201,0.1484,0.3621,0.9802,4,0.4204
1,0382,0.1201,0.1484,0.3621,0.9802,77,0.4148
1,0382,0.3847,0.115,0.6312,0.981,4,0.4687
1,0382,0.3847,0.115,0.6312,0.981,80,0.4502
1,0382,0.3847,0.115,0.6312,0.981,77,0.4377
1,0382,0.3847,0.115,0.6312,0.981,12,0.4067
1,0383,0.1191,0.1384,0.3618,0.9811,80,0.6774
1,0383,0.1191,0.1384,0.3618,0.9811,12,0.5155
1,0383,0.1191,0.1384,0.3618,0.9811,4,0.4516
1,0383,0.6813,0.06679,0.9416,0.9669,4,0.4508
1,0383,0.339,0.1264,0.6427,0.9436,4,0.4029
1,0384,0.119,0.143,0.3636,0.9724,80,0.6756
1,0384,0.119,0.143,0.3636,0.9724,12,0.5726
1,0384,0.6914,0.07378,0.9298,0.9734,4,0.5011
1,0384,0.3361,0.1036,0.6275,0.9543,80,0.4025
1,0385,0.1166,0.1412,0.3667,0.9843,80,0.6833
1,0385,0.1166,0.1412,0.3667,0.9843,12,0.6246
1,0385,0.6918,0.1423,0.9292,0.9644,74,0.4256
1,0386,0.1217,0.1489,0.3663,0.9688,80,0.6744
1,0386,0.1217,0.1489,0.3663,0.9688,12,0.6524
1,0386,0.1217,0.1489,0.3663,0.9688,67,0.4516
1,0386,0.1217,0.1489,0.3663,0.9688,77,0.4332
1,0386,0.3236,0.1275,0.6651,0.9469,67,0.4303
1,0386,0.3236,0.1275,0.6651,0.9469,80,0.4176
1,0387,0.116,0.1651,0.364,0.9864,12,0.6961
1,0387,0.116,0.1651,0.364,0.9864,80,0.6765
1,0387,0.116,0.1651,0.364,0.9864,67,0.4378
1,0387,0.6889,0.1848,0.9298,0.9431,80,0.4603
1,0387,0.3224,0.1187,0.6648,0.9424,80,0.4533
1,0388,0.1185,0.1608,0.3759,0.9643,12,0.7521
1,0388,0.1185,0.1608,0.3759,0.9643,80,0.6415
1,0388,0.6786,0.2225,0.9153,0.9829,80,0.528
1,0388,0.3301,0.1161,0.6633,0.938,80,0.4801
1,0389,0.1192,0.149,0.3662,0.9747,80,0.6565
1,0389,0.1192,0.149,0.3662,0.9747,12,0.6079
1,0389,0.6884,0.2185,0.9197,0.9881,80,0.4986
1,0389,0.3345,0.114,0.6499,0.9453,80,0.4765
1,0390,0.1175,0.1545,0.3717,0.9855,80,0.6321
1,0390,0.1175,0.1545,0.3717,0.9855,12,0.6224
1,0390,0.3324,0.1082,0.6519,0.9361,80,0.4331
1,0390,0.5392,0.3042,0.6681,0.8131,74,0.4327
1,0391,0.1181,0.1616,0.3653,0.9869,12,0.7171
1,0391,0.1181,0.1616,0.3653,0.9869,80,0.6778
1,0391,0.6822,0.2238,0.9123,0.9795,80,0.4648
1,0391,0.3325,0.1168,0.6537,0.9505,80,0.4416
1,0392,0.1179,0.1696,0.3654,0.9788,12,0.7204
1,0392,0.1179,0.1696,0.3654,0.9788,80,0.651
1,0392,0.3307,0.1126,0.6564,0.9642,80,0.4951
1,0392,0.3307,0.1126,0.6564,0.9642,67,0.4287
1,0392,0.6798,0.2158,0.9167,0.9778,80,0.4733
1,0392,0.5353,0.3058,0.663,0.8434,80,0.4405
1,0393,0.1143,0.1767,0.3729,0.9793,12,0.7171
1,0393,0.1143,0.1767,0.3729,0.9793,80,0.6669
1,0393,0.1143,0.1767,0.3729,0.9793,4,0.4165
1,0393,0.3212,0.0976,0.6504,0.962,12,0.4431
1,0393,0.3212,0.0976,0.6504,0.962,80,0.4426
1,0393,0.5441,0.3112,0.6566,0.7176,80,0.4308
1,0393,0.6822,0.2284,0.9159,0.9744,80,0.4082
1,0394,0.1164,0.1781,0.3667,0.9839,12,0.6738
1,0394,0.1164,0.1781,0.3667,0.9839,80,0.6565
1,0394,0.1164,0.1781,0.3667,0.9839,67,0.4798
1,0394,0.5394,0.3076,0.6615,0.7798,80,0.5411
1,0394,0.6921,0.2276,0.9203,0.9825,80,0.4468
1,0394,0.3198,0.1304,0.6518,0.9568,67,0.4043
1,0394,0.3198,0.1304,0.6518,0.9568,80,0.4035
1,0395,0.1123,0.1826,0.3706,0.9855,12,0.8265
1,0395,0.1123,0.1826,0.3706,0.9855,80,0.6733
1,0395,0.1123,0.1826,0.3706,0.9855,67,0.4162
1,0395,0.5391,0.3111,0.6557,0.7328,80,0.4925
1,0395,0.5391,0.3111,0.6557,0.7328,74,0.4121
1,0395,0.6911,0.2349,0.9144,0.973,80,0.4045
1,0396,0.1226,0.1895,0.3687,0.9876,12,0.8052
1,0396,0.1226,0.1895,0.3687,0.9876,80,0.6419
1,0396,0.1226,0.1895,0.3687,0.9876,77,0.5174
1,0396,0.1226,0.1895,0.3687,0.9876,17,0.4877
1,0396,0.1226,0.1895,0.3687,0.9876,4,0.4473
1,0396,0.1226,0.1895,0.3687,0.9876,67,0.435
1,0396,0.3391,0.09484,0.616,0.8776,67,0.4501
1,0396,0.5363,0.3129,0.661,0.7896,80,0.4168
1,0397,0.1204,0.1919,0.372,0.9819,12,0.806
1,0397,0.1204,0.1919,0.372,0.9819,80,0.6417
1,0397,0.1204,0.1919,0.372,0.9819,17,0.4876
1,0397,0.1204,0.1919,0.372,0.9819,67,0.4328
1,0397,0.1204,0.1919,0.372,0.9819,77,0.4292
1,0397,0.5314,0.323,0.6583,0.8198,80,0.487
1,0397,0.6759,0.2281,0.9174,0.9794,80,0.4383
1,0397,0.3228,0.1138,0.6515,0.9486,80,0.4156
1,0398,0.1164,0.1922,0.3676,0.9851,12,0.7126
1,0398,0.1164,0.1922,0.3676,0.9851,80,0.6022
1,0398,0.1164,0.1922,0.3676,0.9851,4,0.5013
1,0398,0.1164,0.1922,0.3676,0.9851,77,0.4701
1,0398,0.1164,0.1922,0.3676,0.9851,17,0.4569
1,0398,0.3299,0.1208,0.6379,0.9395,12,0.4612
1,0398,0.3299,0.1208,0.6379,0.9395,17,0.4449
1,0398,0.3299,0.1208,0.6379,0.9395,77,0.4247
1,0398,0.3299,0.1208,0.6379,0.9395,80,0.4001
1,0398,0.5331,0.3279,0.6515,0.7468,80,0.4463
1,0399,0.1174,0.1931,0.3638,0.9841,12,0.6576
1,0399,0.1174,0.1931,0.3638,0.9841,80,0.6228
1,0399,0.1174,0.1931,0.3638,0.9841,4,0.4881
1,0399,0.1174,0.1931,0.3638,0.9841,17,0.4219
1,0399,0.1174,0.1931,0.3638,0.9841,77,0.4135
1,0399,0.5315,0.3187,0.6569,0.7875,80,0.5141
1,0400,0.1165,0.1929,0.3684,0.9808,12,0.6964
1,0400,0.1165,0.1929,0.3684,0.9808,80,0.6718
1,0400,0.1165,0.1929,0.3684,0.9808,4,0.5293
1,0400,0.1165,0.1929,0.3684,0.9808,77,0.4561
1,0400,0.5272,0.3251,0.6569,0.792,80,0.5348
1,0400,0.3388,0.1075,0.6052,0.8864,77,0.4266
1,0401,0.1206,0.1992,0.3686,0.985,80,0.6811
1,0401,0.1206,0.1992,0.3686,0.985,4,0.6305
1,0401,0.1206,0.1992,0.3686,0.985,12,0.6267
1,0401,0.1206,0.1992,0.3686,0.985,77,0.5161
1,0401,0.675,0.255,0.9059,0.9778,4,0.5006
1,0401,0.5293,0.3203,0.6613,0.8347,80,0.4594
1,0401,0.3413,0.111,0.6101,0.8665,77,0.4539
1,0401,0.3255,0.1266,0.5844,0.917,4,0.4469
1,0402,0.1189,0.2028,0.3688,0.9859,80,0.6729
1,0402,0.1189,0.2028,0.3688,0.9859,12,0.5363
1,0402,0.1189,0.2028,0.3688,0.9859,4,0.4116
1,0402,0.5274,0.3317,0.6538,0.8553,80,0.5622
1,0402,0.3365,0.1416,0.6485,0.9816,4,0.4381
1,0402,0.3365,0.1416,0.6485,0.9816,77,0.4246
1,0403,0.1132,0.1991,0.3638,0.9858,80,0.6874
1,0403,0.1132,0.1991,0.3638,0.9858,12,0.4777
1,0403,0.1132,0.1991,0.3638,0.9858,17,0.4748
1,0403,0.1132,0.1991,0.3638,0.9858,4,0.4208
1,0403,0.1132,0.1991,0.3638,0.9858,77,0.4171
1,0403,0.3307,0.1364,0.6321,0.975,4,0.4909
1,0403,0.3307,0.1364,0.6321,0.975,77,0.4489
1,0404,0.1198,0.1983,0.3632,0.9765,80,0.6853
1,0404,0.5304,0.3223,0.654,0.8267,80,0.492
1,0405,0.113,0.2017,0.3656,0.9831,80,0.6942
1,0405,0.113,0.2017,0.3656,0.9831,12,0.6076
1,0405,0.113,0.2017,0.3656,0.9831,17,0.5219
1,0405,0.3253,0.1622,0.6549,0.9852,17,0.4658
1,0405,0.5274,0.3258,0.6582,0.8064,80,0.4127
1,0406,0.1249,0.2059,0.3687,0.978,80,0.674
1,0406,0.1249,0.2059,0.3687,0.978,12,0.6717
1,0406,0.1249,0.2059,0.3687,0.978,17,0.5126
1,0406,0.6749,0.2432,0.9284,0.9502,4,0.4355
1,0406,0.3264,0.1445,0.622,0.976,77,0.4092
1,0406,0.3264,0.1445,0.622,0.976,80,0.4043
1,0407,0.1214,0.2094,0.3781,0.9793,80,0.6497
1,0407,0.1214,0.2094,0.3781,0.9793,12,0.5074
1,0407,0.1214,0.2094,0.3781,0.9793,4,0.4171
1,0407,0.6731,0.2573,0.9201,0.9719,4,0.5253
1,0407,0.6731,0.2573,0.9201,0.9719,80,0.5013
1,0407,0.3266,0.1384,0.5928,0.964,4,0.4881
1,0407,0.5307,0.3271,0.654,0.8532,80,0.478
1,0408,0.1173,0.2051,0.3652,0.9828,80,0.6772
1,0408,0.1173,0.2051,0.3652,0.9828,12,0.5179
1,0408,0.1173,0.2051,0.3652,0.9828,4,0.5072
1,0408,0.1173,0.2051,0.3652,0.9828,17,0.4583
1,0408,0.3363,0.1493,0.6186,0.9786,4,0.604
1,0408,0.3363,0.1493,0.6186,0.9786,77,0.4411
1,0408,0.6548,0.2739,0.9017,0.9871,4,0.5718
1,0408,0.532,0.329,0.6514,0.8482,80,0.4167
1,0409,0.1249,0.2081,0.3574,0.9854,80,0.6371
1,0409,0.1249,0.2081,0.3574,0.9854,4,0.4516
1,0409,0.1249,0.2081,0.3574,0.9854,77,0.4204
1,0409,0.1249,0.2081,0.3574,0.9854,17,0.4037
1,0409,0.5302,0.323,0.6626,0.8908,80,0.5507
1,0409,0.668,0.2708,0.8859,0.9846,4,0.5493
1,0409,0.3432,0.1455,0.6003,0.9391,4,0.5343
1,0409,0.3432,0.1455,0.6003,0.9391,77,0.5082
1,0410,0.1204,0.2071,0.3605,0.9835,80,0.6922
1,0410,0.1204,0.2071,0.3605,0.9835,17,0.4507
1,0410,0.1204,0.2071,0.3605,0.9835,12,0.4471
1,0410,0.6626,0.2625,0.8936,0.977,4,0.4722
1,0410,0.3343,0.1571,0.6042,0.9643,77,0.4258
1,0410,0.3343,0.1571,0.6042,0.9643,4,0.4099
1,0411,0.1285,0.2084,0.3617,0.9836,80,0.7152
1,0411,0.1285,0.2084,0.3617,0.9836,12,0.6451
1,0411,0.1285,0.2084,0.3617,0.9836,17,0.4126
1,0411,0.6645,0.2689,0.8801,0.9799,4,0.4747
1,0411,0.3291,0.1562,0.6094,0.972,4,0.4617
1,0411,0.3291,0.1562,0.6094,0.972,77,0.4066
1,0412,0.1212,0.2178,0.3761,0.9798,80,0.6112
1,0412,0.1212,0.2178,0.3761,0.9798,4,0.5054
1,0412,0.3474,0.147,0.5914,0.9446,4,0.5989
1,0412,0.3474,0.147,0.5914,0.9446,77,0.4979
1,0412,0.6607,0.2812,0.8697,0.9836,4,0.5668
1,0413,0.3501,0.1449,0.603,0.9367,4,0.6457
1,0413,0.3501,0.1449,0.603,0.9367,77,0.5053
1,0413,0.1196,0.2218,0.3971,0.9825,80,0.6014
1,0413,0.1196,0.2218,0.3971,0.9825,4,0.5132
1,0413,0.6785,0.3968,0.8886,0.9788,4,0.5477
1,0414,0.3442,0.1773,0.6017,0.9811,4,0.6073
1,0414,0.3442,0.1773,0.6017,0.9811,77,0.5117
1,0414,0.3442,0.1773,0.6017,0.9811,80,0.4124
1,0414,0.129,0.2246,0.3712,0.988,80,0.5392
1,0414,0.129,0.2246,0.3712,0.988,4,0.4706
1,0414,0.6844,0.39,0.8776,0.9803,4,0.4324
1,0415,0.1317,0.2179,0.3772,0.9861,80,0.6102
1,0415,0.6843,0.2949,0.8958,0.9843,4,0.4718
1,0415,0.3504,0.179,0.6276,0.9885,80,0.4604
1,0415,0.3504,0.179,0.6276,0.9885,77,0.4058
1,0416,0.1381,0.2243,0.3617,0.9834,80,0.4805
1,0416,0.673,0.2871,0.8831,0.993,4,0.4774
1,0416,0.3498,0.1725,0.6393,0.9834,80,0.4727
1,0416,0.3498,0.1725,0.6393,0.9834,4,0.4388
1,0417,0.3585,0.1752,0.6256,0.9757,4,0.6201
1,0417,0.3585,0.1752,0.6256,0.9757,80,0.4404
1,0418,0.3687,0.1882,0.6791,0.9831,4,0.613
1,0418,0.1352,0.2939,0.4112,0.9938,4,0.5142
1,0418,0.6516,0.3232,0.855,0.988,4,0.435
1,0419,0.3631,0.2033,0.6375,0.9829,4,0.6919
1,0419,0.3631,0.2033,0.6375,0.9829,80,0.4927
1,0419,0.1013,0.3559,0.373,0.9892,4,0.5809
1,0419,0.6335,0.3723,0.8298,0.9832,4,0.5486
1,0420,0.368,0.2098,0.6402,0.9862,4,0.6048
1,0420,0.368,0.2098,0.6402,0.9862,80,0.5539
1,0420,0.641,0.3808,0.8516,0.9865,4,0.5762
1,0420,0.08486,0.3712,0.3832,0.9849,4,0.5235
1,0421,0.3633,0.2128,0.6452,0.9832,4,0.6571
1,0421,0.3633,0.2128,0.6452,0.9832,80,0.5276
1,0421,0.6203,0.3862,0.8223,0.9849,4,0.5877
1,0421,0.1154,0.3926,0.3823,0.982,4,0.4695
1,0421,0.1154,0.3926,0.3823,0.982,80,0.4471
1,0422,0.3652,0.2183,0.6527,0.987,4,0.7474
1,0422,0.3652,0.2183,0.6527,0.987,80,0.4395
1,0422,0.6321,0.4001,0.8566,0.9782,4,0.6978
1,0422,0.1227,0.3975,0.4049,0.981,4,0.5326
1,0422,0.1227,0.3975,0.4049,0.981,80,0.4801
1,0423,0.3698,0.2222,0.6445,0.9875,4,0.7403
1,0423,0.3698,0.2222,0.6445,0.9875,80,0.4146
1,0423,0.632,0.4135,0.8523,0.9833,4,0.7009
1,0423,0.1112,0.4012,0.3972,0.9842,4,0.6311
1,0423,0.1112,0.4012,0.3972,0.9842,80,0.4019
1,0424,0.3801,0.2254,0.6396,0.9781,4,0.6904
1,0424,0.6272,0.3974,0.8289,0.9787,4,0.5906
1,0424,0.09959,0.3925,0.3727,0.992,4,0.5368
1,0425,0.6416,0.3934,0.8609,0.9828,4,0.652
1,0425,0.3704,0.2287,0.6295,0.9872,4,0.5924
1,0425,0.3704,0.2287,0.6295,0.9872,80,0.5155
1,0425,0.1214,0.4057,0.3949,0.9847,4,0.4764
1,0426,0.6331,0.3836,0.8337,0.9837,4,0.6625
1,0426,0.3771,0.2323,0.6273,0.9863,4,0.62
1,0426,0.3771,0.2323,0.6273,0.9863,80,0.5355
1,0426,0.1469,0.4099,0.3796,0.9828,80,0.4722
1,0426,0.1197,0.4201,0.355,0.9856,4,0.417
1,0427,0.6436,0.3867,0.8668,0.9845,4,0.7084
1,0427,0.6436,0.3867,0.8668,0.9845,80,0.5262
1,0427,0.3753,0.2399,0.6514,0.9867,4,0.6113
1,0427,0.3753,0.2399,0.6514,0.9867,80,0.4361
1,0427,0.1628,0.4067,0.3999,0.9822,4,0.4863
1,0427,0.138,0.4112,0.3742,0.9915,80,0.4855
1,0428,0.637,0.3862,0.854,0.9799,4,0.6502
1,0428,0.637,0.3862,0.854,0.9799,80,0.4805
1,0428,0.3813,0.2418,0.6305,0.9701,4,0.6176
1,0428,0.3813,0.2418,0.6305,0.9701,80,0.4102
1,0428,0.1372,0.4161,0.3888,0.9849,4,0.517
1,0428,0.1372,0.4161,0.3888,0.9849,80,0.458
1,0429,0.6454,0.3877,0.8413,0.9812,4,0.729
1,0429,0.6454,0.3877,0.8413,0.9812,80,0.4764
1,0429,0.1247,0.3993,0.4073,0.9835,4,0.5863
1,0429,0.3783,0.241,0.5786,0.9734,4,0.5754
1,0429,0.3783,0.241,0.5786,0.9734,80,0.4214
1,0430,0.6515,0.3794,0.8592,0.9723,4,0.6274
1,0430,0.1438,0.393,0.4049,0.9896,4,0.4869
1,0430,0.3811,0.2419,0.5554,0.9611,4,0.4762
1,0430,0.3811,0.2419,0.5554,0.9611,80,0.4452
1,0431,0.6469,0.3741,0.8513,0.9736,4,0.674
1,0431,0.1614,0.3891,0.3991,0.9813,4,0.5414
1,0431,0.1614,0.3891,0.3991,0.9813,80,0.5176
1,0431,0.3782,0.2467,0.5508,0.9593,4,0.4897
1,0431,0.3782,0.2467,0.5508,0.9593,80,0.4056
1,0432,0.6453,0.3744,0.8527,0.9752,4,0.6919
1,0432,0.1536,0.3873,0.4036,0.9884,4,0.5435
1,0432,0.1536,0.3873,0.4036,0.9884,80,0.5253
1,0432,0.3771,0.2511,0.5483,0.9369,4,0.4566
1,0433,0.6434,0.3645,0.8538,0.9797,4,0.7309
1,0433,0.1578,0.4006,0.4017,0.9845,4,0.6536
1,0433,0.1578,0.4006,0.4017,0.9845,80,0.5485
1,0433,0.3736,0.2482,0.5404,0.9501,4,0.5651
1,0433,0.3736,0.2482,0.5404,0.9501,80,0.4012
1,0434,0.6448,0.3669,0.8436,0.9753,4,0.5979
1,0434,0.1652,0.3891,0.4027,0.9924,4,0.5882
1,0434,0.1652,0.3891,0.4027,0.9924,80,0.4941
1,0434,0.3707,0.2506,0.5414,0.9582,4,0.4526
1,0435,0.1694,0.3872,0.399,0.9831,80,0.479
1,0435,0.3685,0.2402,0.5405,0.9634,80,0.4097
1,0436,0.6447,0.3549,0.8597,0.977,4,0.4841
1,0436,0.1929,0.3919,0.3932,0.9836,80,0.4746
1,0437,0.193,0.3974,0.3965,0.9866,4,0.5529
1,0437,0.193,0.3974,0.3965,0.9866,80,0.4759
1,0437,0.6511,0.3455,0.8782,0.9804,4,0.4926
1,0438,0.1943,0.379,0.4027,0.9879,4,0.5739
1,0438,0.1943,0.379,0.4027,0.9879,80,0.4251
1,0438,0.3519,0.2396,0.5365,0.9441,4,0.4686
1,0438,0.6489,0.3163,0.8632,0.9793,4,0.4506
1,0439,0.2144,0.3639,0.4035,0.9948,4,0.6802
1,0439,0.2144,0.3639,0.4035,0.9948,80,0.4006
1,0439,0.09469,0.4947,0.2233,1.0,4,0.5942
1,0439,0.09469,0.4947,0.2233,1.0,80,0.4587
1,0439,0.3425,0.2565,0.5584,0.9751,4,0.511
